U3_M2_Lower = {
	3300, 3300, 3300, 3300, 3300, 3300, 3300, 3300, 3300, 3300, 3300, 3300, 3300, 3300, 3300, 3300, 3300, 3300,
	3300, 3300, 3300, 3300, 3300, 3300, 3300, 3300, 3300, 3300, 3300, 3300, 3300, 3300, 3300, 3300, 3300, 3300,
	3300, 3300, 3300, 3300, 3300, 3300, 3300, 3300, 3300, 3300, 3300, 3300, 3300, 3300, 3300, 3300, 3300, 3300,
	3300, 3300, 3300, 3300, 3300, 3300, 3300, 3300, 3300, 3300, 3300, 3300, 3300, 3300, 3300, 3300, 3300, 3300,
	3300, 3300, 3300, 3300, 3300, 3300, 3300, 3300, 3300, 3300, 3300, 3300, 3300, 3300, 3300, 3300, 3300, 3300,
	3300, 3300, 3300, 3300, 3300, 3300, 3300, 3300, 3300, 3300, 3300, 3300, 3300, 3300, 3300, 3300, 3300, 3300,
	3300, 3300, 3300, 3300, 3300, 3300, 3300, 3300, 3300, 3300, 3300, 3300, 3300, 3300, 3300, 3300, 3300, 3300,
	3300, 3300, 3300, 3300, 3300, 3300, 3300, 3300, 3300, 3300, 3300, 3300, 3300, 3300, 3300, 3300, 3300, 3300,
	3300, 3300, 3300, 3300, 3300, 3300, 3300, 3300, 3300, 3300, 3300, 3300, 3300, 3300, 3300, 3300, 3300, 3300,
	3300, 3300, 3300, 3300, 3300, 3300, 3300, 3300, 3300, 3300, 3300, 3300, 3300, 3300, 3300, 3300, 3300, 3300,
	3300, 3300, 3300, 3300, 3300, 3300, 3300, 3300, 3300, 3300, 3300, 3300, 3300, 3300, 3300, 3300, 3300, 3300,
	3300, 3300, 3300, 3300, 3300, 3300, 3300, 3300, 3300, 3300, 3300, 3300, 3300, 3300, 3300, 3300, 3300, 3300,
	3300, 3300, 3300, 3300, 3300, 3300, 3300, 3300, 3300, 3300, 3300, 3300, 3300, 3300, 3300, 3300, 3300, 3300,
	3300, 3300, 3300, 3300, 3300, 3300, 3300, 3300, 3300, 3300, 3300, 3300, 3300, 3300, 3300, 3300, 3300, 3300,
	3300, 3300, 3300, 3300, 3300, 3300, 3300, 3300, 3300, 3300, 3300, 3300, 3300, 3300, 3300, 3300, 3300, 3300,
	3300, 3300, 3300, 3300, 3300, 3300, 3300, 3300, 3300, 3300, 3300, 3300, 3300, 3300, 3300, 3300, 3300, 3300,
	3300, 3300, 3300, 3300, 3300, 3300, 3300, 3300, 3300, 3300, 3300, 3300, 3300, 3300, 3300, 3300, 3300, 3300,
	3300, 3300, 3300, 3300, 3300, 3300, 3300, 3300, 3300, 3300, 3300, 3300, 3300, 3300, 3300, 3300, 3300, 3300,
	3300, 3300, 3300, 3300, 3300, 3300, 3300, 3300, 3300, 3300, 3300, 3300, 3300, 3300, 3300, 3300, 3300, 3300,
	3300, 3300, 3300, 3300, 3300, 3300, 3300, 3300, 3300, 3300, 3300, 3300, 3300, 3300, 3300, 3300, 3300, 3300,
	3300, 3300, 3300, 3300, 3300, 3300, 3300, 3300, 3300, 3300, 3300, 3300, 3300, 3300, 3300, 3300, 3300, 3300,
	3300, 3300, 3300, 3300, 3300, 3300, 3300, 3300, 3300, 3300, 3300, 3300, 3300, 3300, 3300, 3300, 3300, 3300,
	3300, 3300, 3300, 3300, 3300, 3300, 3300, 3300, 3300, 3300, 3300, 3300, 3300, 3300, 3300, 3300, 3300, 3300,
	3300, 3300, 3300, 3300, 3300, 3300, 3300, 3300, 3300, 3300, 3300, 3300, 3300, 3300, 3300, 3300, 3300, 3300,
	3300, 3300, 3300, 3300, 3300, 3300, 3300, 3300, 3300, 3300, 3300, 3300, 3300, 3300, 3300, 3300, 3300, 3300,
	3300, 3300, 3300, 3300, 3300, 3300, 3300, 3300, 3300, 3300, 3300, 3300, 3300, 3300, 3300, 3300, 3300, 3300,
	3300, 3300, 3300, 3300, 3300, 3300, 3300, 3300, 3300, 3300, 3300, 3300, 3300, 3300, 3300, 3300, 3300, 3300,
	3300, 3300, 3300, 3300, 3300, 3300, 3300, 3300, 3300, 3300, 3300, 3300, 3300, 3300, 3300, 3300, 3300, 3300,
	3300, 3300, 3300, 3300, 3300, 3300, 3300, 3300, 3300, 3300, 3300, 3300, 3300, 3300, 3300, 3300, 3300, 3300,
	3300, 3300, 3300, 3300, 3300, 3300, 3300, 3300, 3300, 3300, 3300, 3300, 3300, 3300, 3300, 3300, 3300, 3300,
	3300, 3300, 3300, 3300, 3300, 3300, 3300, 3300, 3300, 3300, 3300, 3300, 3300, 3300, 3300, 3300, 3300, 3300,
	3300, 3300, 3300, 3300, 3300, 3300, 3300, 3300, 3300, 3300, 3300, 3300, 3300, 3300, 3300, 3300, 3300, 3300,
}
U3_M2_Upper = {
	5100, 5100, 5100, 5100, 5100, 5100, 5100, 5100, 5100, 5100, 5100, 5100, 5100, 5100, 5100, 5100, 5100, 5100,
	5100, 5100, 5100, 5100, 5100, 5100, 5100, 5100, 5100, 5100, 5100, 5100, 5100, 5100, 5100, 5100, 5100, 5100,
	5100, 5100, 5100, 5100, 5100, 5100, 5100, 5100, 5100, 5100, 5100, 5100, 5100, 5100, 5100, 5100, 5100, 5100,
	5100, 5100, 5100, 5100, 5100, 5100, 5100, 5100, 5100, 5100, 5100, 5100, 5100, 5100, 5100, 5100, 5100, 5100,
	5100, 5100, 5100, 5100, 5100, 5100, 5100, 5100, 5100, 5100, 5100, 5100, 5100, 5100, 5100, 5100, 5100, 5100,
	5100, 5100, 5100, 5100, 5100, 5100, 5100, 5100, 5100, 5100, 5100, 5100, 5100, 5100, 5100, 5100, 5100, 5100,
	5100, 5100, 5100, 5100, 5100, 5100, 5100, 5100, 5100, 5100, 5100, 5100, 5100, 5100, 5100, 5100, 5100, 5100,
	5100, 5100, 5100, 5100, 5100, 5100, 5100, 5100, 5100, 5100, 5100, 5100, 5100, 5100, 5100, 5100, 5100, 5100,
	5100, 5100, 5100, 5100, 5100, 5100, 5100, 5100, 5100, 5100, 5100, 5100, 5100, 5100, 5100, 5100, 5100, 5100,
	5100, 5100, 5100, 5100, 5100, 5100, 5100, 5100, 5100, 5100, 5100, 5100, 5100, 5100, 5100, 5100, 5100, 5100,
	5100, 5100, 5100, 5100, 5100, 5100, 5100, 5100, 5100, 5100, 5100, 5100, 5100, 5100, 5100, 5100, 5100, 5100,
	5100, 5100, 5100, 5100, 5100, 5100, 5100, 5100, 5100, 5100, 5100, 5100, 5100, 5100, 5100, 5100, 5100, 5100,
	5100, 5100, 5100, 5100, 5100, 5100, 5100, 5100, 5100, 5100, 5100, 5100, 5100, 5100, 5100, 5100, 5100, 5100,
	5100, 5100, 5100, 5100, 5100, 5100, 5100, 5100, 5100, 5100, 5100, 5100, 5100, 5100, 5100, 5100, 5100, 5100,
	5100, 5100, 5100, 5100, 5100, 5100, 5100, 5100, 5100, 5100, 5100, 5100, 5100, 5100, 5100, 5100, 5100, 5100,
	5100, 5100, 5100, 5100, 5100, 5100, 5100, 5100, 5100, 5100, 5100, 5100, 5100, 5100, 5100, 5100, 5100, 5100,
	5100, 5100, 5100, 5100, 5100, 5100, 5100, 5100, 5100, 5100, 5100, 5100, 5100, 5100, 5100, 5100, 5100, 5100,
	5100, 5100, 5100, 5100, 5100, 5100, 5100, 5100, 5100, 5100, 5100, 5100, 5100, 5100, 5100, 5100, 5100, 5100,
	5100, 5100, 5100, 5100, 5100, 5100, 5100, 5100, 5100, 5100, 5100, 5100, 5100, 5100, 5100, 5100, 5100, 5100,
	5100, 5100, 5100, 5100, 5100, 5100, 5100, 5100, 5100, 5100, 5100, 5100, 5100, 5100, 5100, 5100, 5100, 5100,
	5100, 5100, 5100, 5100, 5100, 5100, 5100, 5100, 5100, 5100, 5100, 5100, 5100, 5100, 5100, 5100, 5100, 5100,
	5100, 5100, 5100, 5100, 5100, 5100, 5100, 5100, 5100, 5100, 5100, 5100, 5100, 5100, 5100, 5100, 5100, 5100,
	5100, 5100, 5100, 5100, 5100, 5100, 5100, 5100, 5100, 5100, 5100, 5100, 5100, 5100, 5100, 5100, 5100, 5100,
	5100, 5100, 5100, 5100, 5100, 5100, 5100, 5100, 5100, 5100, 5100, 5100, 5100, 5100, 5100, 5100, 5100, 5100,
	5100, 5100, 5100, 5100, 5100, 5100, 5100, 5100, 5100, 5100, 5100, 5100, 5100, 5100, 5100, 5100, 5100, 5100,
	5100, 5100, 5100, 5100, 5100, 5100, 5100, 5100, 5100, 5100, 5100, 5100, 5100, 5100, 5100, 5100, 5100, 5100,
	5100, 5100, 5100, 5100, 5100, 5100, 5100, 5100, 5100, 5100, 5100, 5100, 5100, 5100, 5100, 5100, 5100, 5100,
	5100, 5100, 5100, 5100, 5100, 5100, 5100, 5100, 5100, 5100, 5100, 5100, 5100, 5100, 5100, 5100, 5100, 5100,
	5100, 5100, 5100, 5100, 5100, 5100, 5100, 5100, 5100, 5100, 5100, 5100, 5100, 5100, 5100, 5100, 5100, 5100,
	5100, 5100, 5100, 5100, 5100, 5100, 5100, 5100, 5100, 5100, 5100, 5100, 5100, 5100, 5100, 5100, 5100, 5100,
	5100, 5100, 5100, 5100, 5100, 5100, 5100, 5100, 5100, 5100, 5100, 5100, 5100, 5100, 5100, 5100, 5100, 5100,
	5100, 5100, 5100, 5100, 5100, 5100, 5100, 5100, 5100, 5100, 5100, 5100, 5100, 5100, 5100, 5100, 5100, 5100,
}
U0_M2_Lower = {
	3000, 3000, 3000, 3000, 3000, 3000, 3000, 3000, 3000, 3000, 3000, 3000, 3000, 3000, 3000, 3000, 3000, 3000,
	3000, 3000, 3000, 3000, 3000, 3000, 3000, 3000, 3000, 3000, 3000, 3000, 3000, 3000, 3000, 3000, 3000, 3000,
	3000, 3000, 3000, 3000, 3000, 3000, 3000, 3000, 3000, 3000, 3000, 3000, 3000, 3000, 3000, 3000, 3000, 3000,
	3000, 3000, 3000, 3000, 3000, 3000, 3000, 3000, 3000, 3000, 3000, 3000, 3000, 3000, 3000, 3000, 3000, 3000,
	3000, 3000, 3000, 3000, 3000, 3000, 3000, 3000, 3000, 3000, 3000, 3000, 3000, 3000, 3000, 3000, 3000, 3000,
	3000, 3000, 3000, 3000, 3000, 3000, 3000, 3000, 3000, 3000, 3000, 3000, 3000, 3000, 3000, 3000, 3000, 3000,
	3000, 3000, 3000, 3000, 3000, 3000, 3000, 3000, 3000, 3000, 3000, 3000, 3000, 3000, 3000, 3000, 3000, 3000,
	3000, 3000, 3000, 3000, 3000, 3000, 3000, 3000, 3000, 3000, 3000, 3000, 3000, 3000, 3000, 3000, 3000, 3000,
	3000, 3000, 3000, 3000, 3000, 3000, 3000, 3000, 3000, 3000, 3000, 3000, 3000, 3000, 3000, 3000, 3000, 3000,
	3000, 3000, 3000, 3000, 3000, 3000, 3000, 3000, 3000, 3000, 3000, 3000, 3000, 3000, 3000, 3000, 3000, 3000,
	3000, 3000, 3000, 3000, 3000, 3000, 3000, 3000, 3000, 3000, 3000, 3000, 3000, 3000, 3000, 3000, 3000, 3000,
	3000, 3000, 3000, 3000, 3000, 3000, 3000, 3000, 3000, 3000, 3000, 3000, 3000, 3000, 3000, 3000, 3000, 3000,
	3000, 3000, 3000, 3000, 3000, 3000, 3000, 3000, 3000, 3000, 3000, 3000, 3000, 3000, 3000, 3000, 3000, 3000,
	3000, 3000, 3000, 3000, 3000, 3000, 3000, 3000, 3000, 3000, 3000, 3000, 3000, 3000, 3000, 3000, 3000, 3000,
	3000, 3000, 3000, 3000, 3000, 3000, 3000, 3000, 3000, 3000, 3000, 3000, 3000, 3000, 3000, 3000, 3000, 3000,
	3000, 3000, 3000, 3000, 3000, 3000, 3000, 3000, 3000, 3000, 3000, 3000, 3000, 3000, 3000, 3000, 3000, 3000,
	3000, 3000, 3000, 3000, 3000, 3000, 3000, 3000, 3000, 3000, 3000, 3000, 3000, 3000, 3000, 3000, 3000, 3000,
	3000, 3000, 3000, 3000, 3000, 3000, 3000, 3000, 3000, 3000, 3000, 3000, 3000, 3000, 3000, 3000, 3000, 3000,
	3000, 3000, 3000, 3000, 3000, 3000, 3000, 3000, 3000, 3000, 3000, 3000, 3000, 3000, 3000, 3000, 3000, 3000,
	3000, 3000, 3000, 3000, 3000, 3000, 3000, 3000, 3000, 3000, 3000, 3000, 3000, 3000, 3000, 3000, 3000, 3000,
	3000, 3000, 3000, 3000, 3000, 3000, 3000, 3000, 3000, 3000, 3000, 3000, 3000, 3000, 3000, 3000, 3000, 3000,
	3000, 3000, 3000, 3000, 3000, 3000, 3000, 3000, 3000, 3000, 3000, 3000, 3000, 3000, 3000, 3000, 3000, 3000,
	3000, 3000, 3000, 3000, 3000, 3000, 3000, 3000, 3000, 3000, 3000, 3000, 3000, 3000, 3000, 3000, 3000, 3000,
	3000, 3000, 3000, 3000, 3000, 3000, 3000, 3000, 3000, 3000, 3000, 3000, 3000, 3000, 3000, 3000, 3000, 3000,
	3000, 3000, 3000, 3000, 3000, 3000, 3000, 3000, 3000, 3000, 3000, 3000, 3000, 3000, 3000, 3000, 3000, 3000,
	3000, 3000, 3000, 3000, 3000, 3000, 3000, 3000, 3000, 3000, 3000, 3000, 3000, 3000, 3000, 3000, 3000, 3000,
	3000, 3000, 3000, 3000, 3000, 3000, 3000, 3000, 3000, 3000, 3000, 3000, 3000, 3000, 3000, 3000, 3000, 3000,
	3000, 3000, 3000, 3000, 3000, 3000, 3000, 3000, 3000, 3000, 3000, 3000, 3000, 3000, 3000, 3000, 3000, 3000,
	3000, 3000, 3000, 3000, 3000, 3000, 3000, 3000, 3000, 3000, 3000, 3000, 3000, 3000, 3000, 3000, 3000, 3000,
	3000, 3000, 3000, 3000, 3000, 3000, 3000, 3000, 3000, 3000, 3000, 3000, 3000, 3000, 3000, 3000, 3000, 3000,
	3000, 3000, 3000, 3000, 3000, 3000, 3000, 3000, 3000, 3000, 3000, 3000, 3000, 3000, 3000, 3000, 3000, 3000,
	3000, 3000, 3000, 3000, 3000, 3000, 3000, 3000, 3000, 3000, 3000, 3000, 3000, 3000, 3000, 3000, 3000, 3000,
}
U0_M2_Upper = {
	5100, 5100, 5100, 5100, 5100, 5100, 5100, 5100, 5100, 5100, 5100, 5100, 5100, 5100, 5100, 5100, 5100, 5100,
	5100, 5100, 5100, 5100, 5100, 5100, 5100, 5100, 5100, 5100, 5100, 5100, 5100, 5100, 5100, 5100, 5100, 5100,
	5100, 5100, 5100, 5100, 5100, 5100, 5100, 5100, 5100, 5100, 5100, 5100, 5100, 5100, 5100, 5100, 5100, 5100,
	5100, 5100, 5100, 5100, 5100, 5100, 5100, 5100, 5100, 5100, 5100, 5100, 5100, 5100, 5100, 5100, 5100, 5100,
	5100, 5100, 5100, 5100, 5100, 5100, 5100, 5100, 5100, 5100, 5100, 5100, 5100, 5100, 5100, 5100, 5100, 5100,
	5100, 5100, 5100, 5100, 5100, 5100, 5100, 5100, 5100, 5100, 5100, 5100, 5100, 5100, 5100, 5100, 5100, 5100,
	5100, 5100, 5100, 5100, 5100, 5100, 5100, 5100, 5100, 5100, 5100, 5100, 5100, 5100, 5100, 5100, 5100, 5100,
	5100, 5100, 5100, 5100, 5100, 5100, 5100, 5100, 5100, 5100, 5100, 5100, 5100, 5100, 5100, 5100, 5100, 5100,
	5100, 5100, 5100, 5100, 5100, 5100, 5100, 5100, 5100, 5100, 5100, 5100, 5100, 5100, 5100, 5100, 5100, 5100,
	5100, 5100, 5100, 5100, 5100, 5100, 5100, 5100, 5100, 5100, 5100, 5100, 5100, 5100, 5100, 5100, 5100, 5100,
	5100, 5100, 5100, 5100, 5100, 5100, 5100, 5100, 5100, 5100, 5100, 5100, 5100, 5100, 5100, 5100, 5100, 5100,
	5100, 5100, 5100, 5100, 5100, 5100, 5100, 5100, 5100, 5100, 5100, 5100, 5100, 5100, 5100, 5100, 5100, 5100,
	5100, 5100, 5100, 5100, 5100, 5100, 5100, 5100, 5100, 5100, 5100, 5100, 5100, 5100, 5100, 5100, 5100, 5100,
	5100, 5100, 5100, 5100, 5100, 5100, 5100, 5100, 5100, 5100, 5100, 5100, 5100, 5100, 5100, 5100, 5100, 5100,
	5100, 5100, 5100, 5100, 5100, 5100, 5100, 5100, 5100, 5100, 5100, 5100, 5100, 5100, 5100, 5100, 5100, 5100,
	5100, 5100, 5100, 5100, 5100, 5100, 5100, 5100, 5100, 5100, 5100, 5100, 5100, 5100, 5100, 5100, 5100, 5100,
	5100, 5100, 5100, 5100, 5100, 5100, 5100, 5100, 5100, 5100, 5100, 5100, 5100, 5100, 5100, 5100, 5100, 5100,
	5100, 5100, 5100, 5100, 5100, 5100, 5100, 5100, 5100, 5100, 5100, 5100, 5100, 5100, 5100, 5100, 5100, 5100,
	5100, 5100, 5100, 5100, 5100, 5100, 5100, 5100, 5100, 5100, 5100, 5100, 5100, 5100, 5100, 5100, 5100, 5100,
	5100, 5100, 5100, 5100, 5100, 5100, 5100, 5100, 5100, 5100, 5100, 5100, 5100, 5100, 5100, 5100, 5100, 5100,
	5100, 5100, 5100, 5100, 5100, 5100, 5100, 5100, 5100, 5100, 5100, 5100, 5100, 5100, 5100, 5100, 5100, 5100,
	5100, 5100, 5100, 5100, 5100, 5100, 5100, 5100, 5100, 5100, 5100, 5100, 5100, 5100, 5100, 5100, 5100, 5100,
	5100, 5100, 5100, 5100, 5100, 5100, 5100, 5100, 5100, 5100, 5100, 5100, 5100, 5100, 5100, 5100, 5100, 5100,
	5100, 5100, 5100, 5100, 5100, 5100, 5100, 5100, 5100, 5100, 5100, 5100, 5100, 5100, 5100, 5100, 5100, 5100,
	5100, 5100, 5100, 5100, 5100, 5100, 5100, 5100, 5100, 5100, 5100, 5100, 5100, 5100, 5100, 5100, 5100, 5100,
	5100, 5100, 5100, 5100, 5100, 5100, 5100, 5100, 5100, 5100, 5100, 5100, 5100, 5100, 5100, 5100, 5100, 5100,
	5100, 5100, 5100, 5100, 5100, 5100, 5100, 5100, 5100, 5100, 5100, 5100, 5100, 5100, 5100, 5100, 5100, 5100,
	5100, 5100, 5100, 5100, 5100, 5100, 5100, 5100, 5100, 5100, 5100, 5100, 5100, 5100, 5100, 5100, 5100, 5100,
	5100, 5100, 5100, 5100, 5100, 5100, 5100, 5100, 5100, 5100, 5100, 5100, 5100, 5100, 5100, 5100, 5100, 5100,
	5100, 5100, 5100, 5100, 5100, 5100, 5100, 5100, 5100, 5100, 5100, 5100, 5100, 5100, 5100, 5100, 5100, 5100,
	5100, 5100, 5100, 5100, 5100, 5100, 5100, 5100, 5100, 5100, 5100, 5100, 5100, 5100, 5100, 5100, 5100, 5100,
	5100, 5100, 5100, 5100, 5100, 5100, 5100, 5100, 5100, 5100, 5100, 5100, 5100, 5100, 5100, 5100, 5100, 5100,
}
U3_M2_JITTER_Lower = {
	0, 0, 0, 0, 0, 0, 0, 0, 0, 0, 0, 0, 0, 0, 0, 0, 0, 0,
	0, 0, 0, 0, 0, 0, 0, 0, 0, 0, 0, 0, 0, 0, 0, 0, 0, 0,
	0, 0, 0, 0, 0, 0, 0, 0, 0, 0, 0, 0, 0, 0, 0, 0, 0, 0,
	0, 0, 0, 0, 0, 0, 0, 0, 0, 0, 0, 0, 0, 0, 0, 0, 0, 0,
	0, 0, 0, 0, 0, 0, 0, 0, 0, 0, 0, 0, 0, 0, 0, 0, 0, 0,
	0, 0, 0, 0, 0, 0, 0, 0, 0, 0, 0, 0, 0, 0, 0, 0, 0, 0,
	0, 0, 0, 0, 0, 0, 0, 0, 0, 0, 0, 0, 0, 0, 0, 0, 0, 0,
	0, 0, 0, 0, 0, 0, 0, 0, 0, 0, 0, 0, 0, 0, 0, 0, 0, 0,
	0, 0, 0, 0, 0, 0, 0, 0, 0, 0, 0, 0, 0, 0, 0, 0, 0, 0,
	0, 0, 0, 0, 0, 0, 0, 0, 0, 0, 0, 0, 0, 0, 0, 0, 0, 0,
	0, 0, 0, 0, 0, 0, 0, 0, 0, 0, 0, 0, 0, 0, 0, 0, 0, 0,
	0, 0, 0, 0, 0, 0, 0, 0, 0, 0, 0, 0, 0, 0, 0, 0, 0, 0,
	0, 0, 0, 0, 0, 0, 0, 0, 0, 0, 0, 0, 0, 0, 0, 0, 0, 0,
	0, 0, 0, 0, 0, 0, 0, 0, 0, 0, 0, 0, 0, 0, 0, 0, 0, 0,
	0, 0, 0, 0, 0, 0, 0, 0, 0, 0, 0, 0, 0, 0, 0, 0, 0, 0,
	0, 0, 0, 0, 0, 0, 0, 0, 0, 0, 0, 0, 0, 0, 0, 0, 0, 0,
	0, 0, 0, 0, 0, 0, 0, 0, 0, 0, 0, 0, 0, 0, 0, 0, 0, 0,
	0, 0, 0, 0, 0, 0, 0, 0, 0, 0, 0, 0, 0, 0, 0, 0, 0, 0,
	0, 0, 0, 0, 0, 0, 0, 0, 0, 0, 0, 0, 0, 0, 0, 0, 0, 0,
	0, 0, 0, 0, 0, 0, 0, 0, 0, 0, 0, 0, 0, 0, 0, 0, 0, 0,
	0, 0, 0, 0, 0, 0, 0, 0, 0, 0, 0, 0, 0, 0, 0, 0, 0, 0,
	0, 0, 0, 0, 0, 0, 0, 0, 0, 0, 0, 0, 0, 0, 0, 0, 0, 0,
	0, 0, 0, 0, 0, 0, 0, 0, 0, 0, 0, 0, 0, 0, 0, 0, 0, 0,
	0, 0, 0, 0, 0, 0, 0, 0, 0, 0, 0, 0, 0, 0, 0, 0, 0, 0,
	0, 0, 0, 0, 0, 0, 0, 0, 0, 0, 0, 0, 0, 0, 0, 0, 0, 0,
	0, 0, 0, 0, 0, 0, 0, 0, 0, 0, 0, 0, 0, 0, 0, 0, 0, 0,
	0, 0, 0, 0, 0, 0, 0, 0, 0, 0, 0, 0, 0, 0, 0, 0, 0, 0,
	0, 0, 0, 0, 0, 0, 0, 0, 0, 0, 0, 0, 0, 0, 0, 0, 0, 0,
	0, 0, 0, 0, 0, 0, 0, 0, 0, 0, 0, 0, 0, 0, 0, 0, 0, 0,
	0, 0, 0, 0, 0, 0, 0, 0, 0, 0, 0, 0, 0, 0, 0, 0, 0, 0,
	0, 0, 0, 0, 0, 0, 0, 0, 0, 0, 0, 0, 0, 0, 0, 0, 0, 0,
	0, 0, 0, 0, 0, 0, 0, 0, 0, 0, 0, 0, 0, 0, 0, 0, 0, 0,
}
U3_M2_JITTER_Upper = {
	80, 80, 80, 80, 80, 80, 80, 80, 80, 80, 80, 80, 80, 80, 80, 80, 80, 80,
	80, 80, 80, 80, 80, 80, 80, 80, 80, 80, 80, 80, 80, 80, 80, 80, 80, 80,
	80, 80, 80, 80, 80, 80, 80, 80, 80, 80, 80, 80, 80, 80, 80, 80, 80, 80,
	80, 80, 80, 80, 80, 80, 80, 80, 80, 80, 80, 80, 80, 80, 80, 80, 80, 80,
	80, 80, 80, 80, 80, 80, 80, 80, 80, 80, 80, 80, 80, 80, 80, 80, 80, 80,
	80, 80, 80, 80, 80, 80, 80, 80, 80, 80, 80, 80, 80, 80, 80, 80, 80, 80,
	80, 80, 80, 80, 80, 80, 80, 80, 80, 80, 80, 80, 80, 80, 80, 80, 80, 80,
	80, 80, 80, 80, 80, 80, 80, 80, 80, 80, 80, 80, 80, 80, 80, 80, 80, 80,
	80, 80, 80, 80, 80, 80, 80, 80, 80, 80, 80, 80, 80, 80, 80, 80, 80, 80,
	80, 80, 80, 80, 80, 80, 80, 80, 80, 80, 80, 80, 80, 80, 80, 80, 80, 80,
	80, 80, 80, 80, 80, 80, 80, 80, 80, 80, 80, 80, 80, 80, 80, 80, 80, 80,
	80, 80, 80, 80, 80, 80, 80, 80, 80, 80, 80, 80, 80, 80, 80, 80, 80, 80,
	80, 80, 80, 80, 80, 80, 80, 80, 80, 80, 80, 80, 80, 80, 80, 80, 80, 80,
	80, 80, 80, 80, 80, 80, 80, 80, 80, 80, 80, 80, 80, 80, 80, 80, 80, 80,
	80, 80, 80, 80, 80, 80, 80, 80, 80, 80, 80, 80, 80, 80, 80, 80, 80, 80,
	80, 80, 80, 80, 80, 80, 80, 80, 80, 80, 80, 80, 80, 80, 80, 80, 80, 80,
	80, 80, 80, 80, 80, 80, 80, 80, 80, 80, 80, 80, 80, 80, 80, 80, 80, 80,
	80, 80, 80, 80, 80, 80, 80, 80, 80, 80, 80, 80, 80, 80, 80, 80, 80, 80,
	80, 80, 80, 80, 80, 80, 80, 80, 80, 80, 80, 80, 80, 80, 80, 80, 80, 80,
	80, 80, 80, 80, 80, 80, 80, 80, 80, 80, 80, 80, 80, 80, 80, 80, 80, 80,
	80, 80, 80, 80, 80, 80, 80, 80, 80, 80, 80, 80, 80, 80, 80, 80, 80, 80,
	80, 80, 80, 80, 80, 80, 80, 80, 80, 80, 80, 80, 80, 80, 80, 80, 80, 80,
	80, 80, 80, 80, 80, 80, 80, 80, 80, 80, 80, 80, 80, 80, 80, 80, 80, 80,
	80, 80, 80, 80, 80, 80, 80, 80, 80, 80, 80, 80, 80, 80, 80, 80, 80, 80,
	80, 80, 80, 80, 80, 80, 80, 80, 80, 80, 80, 80, 80, 80, 80, 80, 80, 80,
	80, 80, 80, 80, 80, 80, 80, 80, 80, 80, 80, 80, 80, 80, 80, 80, 80, 80,
	80, 80, 80, 80, 80, 80, 80, 80, 80, 80, 80, 80, 80, 80, 80, 80, 80, 80,
	80, 80, 80, 80, 80, 80, 80, 80, 80, 80, 80, 80, 80, 80, 80, 80, 80, 80,
	80, 80, 80, 80, 80, 80, 80, 80, 80, 80, 80, 80, 80, 80, 80, 80, 80, 80,
	80, 80, 80, 80, 80, 80, 80, 80, 80, 80, 80, 80, 80, 80, 80, 80, 80, 80,
	80, 80, 80, 80, 80, 80, 80, 80, 80, 80, 80, 80, 80, 80, 80, 80, 80, 80,
	80, 80, 80, 80, 80, 80, 80, 80, 80, 80, 80, 80, 80, 80, 80, 80, 80, 80,
}
U0_M2_JITTER_Lower = {
	0, 0, 0, 0, 0, 0, 0, 0, 0, 0, 0, 0, 0, 0, 0, 0, 0, 0,
	0, 0, 0, 0, 0, 0, 0, 0, 0, 0, 0, 0, 0, 0, 0, 0, 0, 0,
	0, 0, 0, 0, 0, 0, 0, 0, 0, 0, 0, 0, 0, 0, 0, 0, 0, 0,
	0, 0, 0, 0, 0, 0, 0, 0, 0, 0, 0, 0, 0, 0, 0, 0, 0, 0,
	0, 0, 0, 0, 0, 0, 0, 0, 0, 0, 0, 0, 0, 0, 0, 0, 0, 0,
	0, 0, 0, 0, 0, 0, 0, 0, 0, 0, 0, 0, 0, 0, 0, 0, 0, 0,
	0, 0, 0, 0, 0, 0, 0, 0, 0, 0, 0, 0, 0, 0, 0, 0, 0, 0,
	0, 0, 0, 0, 0, 0, 0, 0, 0, 0, 0, 0, 0, 0, 0, 0, 0, 0,
	0, 0, 0, 0, 0, 0, 0, 0, 0, 0, 0, 0, 0, 0, 0, 0, 0, 0,
	0, 0, 0, 0, 0, 0, 0, 0, 0, 0, 0, 0, 0, 0, 0, 0, 0, 0,
	0, 0, 0, 0, 0, 0, 0, 0, 0, 0, 0, 0, 0, 0, 0, 0, 0, 0,
	0, 0, 0, 0, 0, 0, 0, 0, 0, 0, 0, 0, 0, 0, 0, 0, 0, 0,
	0, 0, 0, 0, 0, 0, 0, 0, 0, 0, 0, 0, 0, 0, 0, 0, 0, 0,
	0, 0, 0, 0, 0, 0, 0, 0, 0, 0, 0, 0, 0, 0, 0, 0, 0, 0,
	0, 0, 0, 0, 0, 0, 0, 0, 0, 0, 0, 0, 0, 0, 0, 0, 0, 0,
	0, 0, 0, 0, 0, 0, 0, 0, 0, 0, 0, 0, 0, 0, 0, 0, 0, 0,
	0, 0, 0, 0, 0, 0, 0, 0, 0, 0, 0, 0, 0, 0, 0, 0, 0, 0,
	0, 0, 0, 0, 0, 0, 0, 0, 0, 0, 0, 0, 0, 0, 0, 0, 0, 0,
	0, 0, 0, 0, 0, 0, 0, 0, 0, 0, 0, 0, 0, 0, 0, 0, 0, 0,
	0, 0, 0, 0, 0, 0, 0, 0, 0, 0, 0, 0, 0, 0, 0, 0, 0, 0,
	0, 0, 0, 0, 0, 0, 0, 0, 0, 0, 0, 0, 0, 0, 0, 0, 0, 0,
	0, 0, 0, 0, 0, 0, 0, 0, 0, 0, 0, 0, 0, 0, 0, 0, 0, 0,
	0, 0, 0, 0, 0, 0, 0, 0, 0, 0, 0, 0, 0, 0, 0, 0, 0, 0,
	0, 0, 0, 0, 0, 0, 0, 0, 0, 0, 0, 0, 0, 0, 0, 0, 0, 0,
	0, 0, 0, 0, 0, 0, 0, 0, 0, 0, 0, 0, 0, 0, 0, 0, 0, 0,
	0, 0, 0, 0, 0, 0, 0, 0, 0, 0, 0, 0, 0, 0, 0, 0, 0, 0,
	0, 0, 0, 0, 0, 0, 0, 0, 0, 0, 0, 0, 0, 0, 0, 0, 0, 0,
	0, 0, 0, 0, 0, 0, 0, 0, 0, 0, 0, 0, 0, 0, 0, 0, 0, 0,
	0, 0, 0, 0, 0, 0, 0, 0, 0, 0, 0, 0, 0, 0, 0, 0, 0, 0,
	0, 0, 0, 0, 0, 0, 0, 0, 0, 0, 0, 0, 0, 0, 0, 0, 0, 0,
	0, 0, 0, 0, 0, 0, 0, 0, 0, 0, 0, 0, 0, 0, 0, 0, 0, 0,
	0, 0, 0, 0, 0, 0, 0, 0, 0, 0, 0, 0, 0, 0, 0, 0, 0, 0,
}
U0_M2_JITTER_Upper = {
	80, 80, 80, 80, 80, 80, 80, 80, 80, 80, 80, 80, 80, 80, 80, 80, 80, 80,
	80, 80, 80, 80, 80, 80, 80, 80, 80, 80, 80, 80, 80, 80, 80, 80, 80, 80,
	80, 80, 80, 80, 80, 80, 80, 80, 80, 80, 80, 80, 80, 80, 80, 80, 80, 80,
	80, 80, 80, 80, 80, 80, 80, 80, 80, 80, 80, 80, 80, 80, 80, 80, 80, 80,
	80, 80, 80, 80, 80, 80, 80, 80, 80, 80, 80, 80, 80, 80, 80, 80, 80, 80,
	80, 80, 80, 80, 80, 80, 80, 80, 80, 80, 80, 80, 80, 80, 80, 80, 80, 80,
	80, 80, 80, 80, 80, 80, 80, 80, 80, 80, 80, 80, 80, 80, 80, 80, 80, 80,
	80, 80, 80, 80, 80, 80, 80, 80, 80, 80, 80, 80, 80, 80, 80, 80, 80, 80,
	80, 80, 80, 80, 80, 80, 80, 80, 80, 80, 80, 80, 80, 80, 80, 80, 80, 80,
	80, 80, 80, 80, 80, 80, 80, 80, 80, 80, 80, 80, 80, 80, 80, 80, 80, 80,
	80, 80, 80, 80, 80, 80, 80, 80, 80, 80, 80, 80, 80, 80, 80, 80, 80, 80,
	80, 80, 80, 80, 80, 80, 80, 80, 80, 80, 80, 80, 80, 80, 80, 80, 80, 80,
	80, 80, 80, 80, 80, 80, 80, 80, 80, 80, 80, 80, 80, 80, 80, 80, 80, 80,
	80, 80, 80, 80, 80, 80, 80, 80, 80, 80, 80, 80, 80, 80, 80, 80, 80, 80,
	80, 80, 80, 80, 80, 80, 80, 80, 80, 80, 80, 80, 80, 80, 80, 80, 80, 80,
	80, 80, 80, 80, 80, 80, 80, 80, 80, 80, 80, 80, 80, 80, 80, 80, 80, 80,
	80, 80, 80, 80, 80, 80, 80, 80, 80, 80, 80, 80, 80, 80, 80, 80, 80, 80,
	80, 80, 80, 80, 80, 80, 80, 80, 80, 80, 80, 80, 80, 80, 80, 80, 80, 80,
	80, 80, 80, 80, 80, 80, 80, 80, 80, 80, 80, 80, 80, 80, 80, 80, 80, 80,
	80, 80, 80, 80, 80, 80, 80, 80, 80, 80, 80, 80, 80, 80, 80, 80, 80, 80,
	80, 80, 80, 80, 80, 80, 80, 80, 80, 80, 80, 80, 80, 80, 80, 80, 80, 80,
	80, 80, 80, 80, 80, 80, 80, 80, 80, 80, 80, 80, 80, 80, 80, 80, 80, 80,
	80, 80, 80, 80, 80, 80, 80, 80, 80, 80, 80, 80, 80, 80, 80, 80, 80, 80,
	80, 80, 80, 80, 80, 80, 80, 80, 80, 80, 80, 80, 80, 80, 80, 80, 80, 80,
	80, 80, 80, 80, 80, 80, 80, 80, 80, 80, 80, 80, 80, 80, 80, 80, 80, 80,
	80, 80, 80, 80, 80, 80, 80, 80, 80, 80, 80, 80, 80, 80, 80, 80, 80, 80,
	80, 80, 80, 80, 80, 80, 80, 80, 80, 80, 80, 80, 80, 80, 80, 80, 80, 80,
	80, 80, 80, 80, 80, 80, 80, 80, 80, 80, 80, 80, 80, 80, 80, 80, 80, 80,
	80, 80, 80, 80, 80, 80, 80, 80, 80, 80, 80, 80, 80, 80, 80, 80, 80, 80,
	80, 80, 80, 80, 80, 80, 80, 80, 80, 80, 80, 80, 80, 80, 80, 80, 80, 80,
	80, 80, 80, 80, 80, 80, 80, 80, 80, 80, 80, 80, 80, 80, 80, 80, 80, 80,
	80, 80, 80, 80, 80, 80, 80, 80, 80, 80, 80, 80, 80, 80, 80, 80, 80, 80,
}
U3_M2_DELTA_Lower = {
	0, 0, 0, 0, 0, 0, 0, 0, 0, 0, 0, 0, 0, 0, 0, 0, 0, 0,
	0, 0, 0, 0, 0, 0, 0, 0, 0, 0, 0, 0, 0, 0, 0, 0, 0, 0,
	0, 0, 0, 0, 0, 0, 0, 0, 0, 0, 0, 0, 0, 0, 0, 0, 0, 0,
	0, 0, 0, 0, 0, 0, 0, 0, 0, 0, 0, 0, 0, 0, 0, 0, 0, 0,
	0, 0, 0, 0, 0, 0, 0, 0, 0, 0, 0, 0, 0, 0, 0, 0, 0, 0,
	0, 0, 0, 0, 0, 0, 0, 0, 0, 0, 0, 0, 0, 0, 0, 0, 0, 0,
	0, 0, 0, 0, 0, 0, 0, 0, 0, 0, 0, 0, 0, 0, 0, 0, 0, 0,
	0, 0, 0, 0, 0, 0, 0, 0, 0, 0, 0, 0, 0, 0, 0, 0, 0, 0,
	0, 0, 0, 0, 0, 0, 0, 0, 0, 0, 0, 0, 0, 0, 0, 0, 0, 0,
	0, 0, 0, 0, 0, 0, 0, 0, 0, 0, 0, 0, 0, 0, 0, 0, 0, 0,
	0, 0, 0, 0, 0, 0, 0, 0, 0, 0, 0, 0, 0, 0, 0, 0, 0, 0,
	0, 0, 0, 0, 0, 0, 0, 0, 0, 0, 0, 0, 0, 0, 0, 0, 0, 0,
	0, 0, 0, 0, 0, 0, 0, 0, 0, 0, 0, 0, 0, 0, 0, 0, 0, 0,
	0, 0, 0, 0, 0, 0, 0, 0, 0, 0, 0, 0, 0, 0, 0, 0, 0, 0,
	0, 0, 0, 0, 0, 0, 0, 0, 0, 0, 0, 0, 0, 0, 0, 0, 0, 0,
	0, 0, 0, 0, 0, 0, 0, 0, 0, 0, 0, 0, 0, 0, 0, 0, 0, 0,
	0, 0, 0, 0, 0, 0, 0, 0, 0, 0, 0, 0, 0, 0, 0, 0, 0, 0,
	0, 0, 0, 0, 0, 0, 0, 0, 0, 0, 0, 0, 0, 0, 0, 0, 0, 0,
	0, 0, 0, 0, 0, 0, 0, 0, 0, 0, 0, 0, 0, 0, 0, 0, 0, 0,
	0, 0, 0, 0, 0, 0, 0, 0, 0, 0, 0, 0, 0, 0, 0, 0, 0, 0,
	0, 0, 0, 0, 0, 0, 0, 0, 0, 0, 0, 0, 0, 0, 0, 0, 0, 0,
	0, 0, 0, 0, 0, 0, 0, 0, 0, 0, 0, 0, 0, 0, 0, 0, 0, 0,
	0, 0, 0, 0, 0, 0, 0, 0, 0, 0, 0, 0, 0, 0, 0, 0, 0, 0,
	0, 0, 0, 0, 0, 0, 0, 0, 0, 0, 0, 0, 0, 0, 0, 0, 0, 0,
	0, 0, 0, 0, 0, 0, 0, 0, 0, 0, 0, 0, 0, 0, 0, 0, 0, 0,
	0, 0, 0, 0, 0, 0, 0, 0, 0, 0, 0, 0, 0, 0, 0, 0, 0, 0,
	0, 0, 0, 0, 0, 0, 0, 0, 0, 0, 0, 0, 0, 0, 0, 0, 0, 0,
	0, 0, 0, 0, 0, 0, 0, 0, 0, 0, 0, 0, 0, 0, 0, 0, 0, 0,
	0, 0, 0, 0, 0, 0, 0, 0, 0, 0, 0, 0, 0, 0, 0, 0, 0, 0,
	0, 0, 0, 0, 0, 0, 0, 0, 0, 0, 0, 0, 0, 0, 0, 0, 0, 0,
	0, 0, 0, 0, 0, 0, 0, 0, 0, 0, 0, 0, 0, 0, 0, 0, 0, 0,
	0, 0, 0, 0, 0, 0, 0, 0, 0, 0, 0, 0, 0, 0, 0, 0, 0, 0,
}
U3_M2_DELTA_Upper = {
	70, 70, 70, 70, 70, 70, 70, 70, 70, 70, 70, 70, 70, 70, 70, 70, 70, 70,
	70, 70, 70, 70, 70, 70, 70, 70, 70, 70, 70, 70, 70, 70, 70, 70, 70, 70,
	70, 70, 70, 70, 70, 70, 70, 70, 70, 70, 70, 70, 70, 70, 70, 70, 70, 70,
	70, 70, 70, 70, 70, 70, 70, 70, 70, 70, 70, 70, 70, 70, 70, 70, 70, 70,
	70, 70, 70, 70, 70, 70, 70, 70, 70, 70, 70, 70, 70, 70, 70, 70, 70, 70,
	70, 70, 70, 70, 70, 70, 70, 70, 70, 70, 70, 70, 70, 70, 70, 70, 70, 70,
	70, 70, 70, 70, 70, 70, 70, 70, 70, 70, 70, 70, 70, 70, 70, 70, 70, 70,
	70, 70, 70, 70, 70, 70, 70, 70, 70, 70, 70, 70, 70, 70, 70, 70, 70, 70,
	70, 70, 70, 70, 70, 70, 70, 70, 70, 70, 70, 70, 70, 70, 70, 70, 70, 70,
	70, 70, 70, 70, 70, 70, 70, 70, 70, 70, 70, 70, 70, 70, 70, 70, 70, 70,
	70, 70, 70, 70, 70, 70, 70, 70, 70, 70, 70, 70, 70, 70, 70, 70, 70, 70,
	70, 70, 70, 70, 70, 70, 70, 70, 70, 70, 70, 70, 70, 70, 70, 70, 70, 70,
	70, 70, 70, 70, 70, 70, 70, 70, 70, 70, 70, 70, 70, 70, 70, 70, 70, 70,
	70, 70, 70, 70, 70, 70, 70, 70, 70, 70, 70, 70, 70, 70, 70, 70, 70, 70,
	70, 70, 70, 70, 70, 70, 70, 70, 70, 70, 70, 70, 70, 70, 70, 70, 70, 70,
	70, 70, 70, 70, 70, 70, 70, 70, 70, 70, 70, 70, 70, 70, 70, 70, 70, 70,
	70, 70, 70, 70, 70, 70, 70, 70, 70, 70, 70, 70, 70, 70, 70, 70, 70, 70,
	70, 70, 70, 70, 70, 70, 70, 70, 70, 70, 70, 70, 70, 70, 70, 70, 70, 70,
	70, 70, 70, 70, 70, 70, 70, 70, 70, 70, 70, 70, 70, 70, 70, 70, 70, 70,
	70, 70, 70, 70, 70, 70, 70, 70, 70, 70, 70, 70, 70, 70, 70, 70, 70, 70,
	70, 70, 70, 70, 70, 70, 70, 70, 70, 70, 70, 70, 70, 70, 70, 70, 70, 70,
	70, 70, 70, 70, 70, 70, 70, 70, 70, 70, 70, 70, 70, 70, 70, 70, 70, 70,
	70, 70, 70, 70, 70, 70, 70, 70, 70, 70, 70, 70, 70, 70, 70, 70, 70, 70,
	70, 70, 70, 70, 70, 70, 70, 70, 70, 70, 70, 70, 70, 70, 70, 70, 70, 70,
	70, 70, 70, 70, 70, 70, 70, 70, 70, 70, 70, 70, 70, 70, 70, 70, 70, 70,
	70, 70, 70, 70, 70, 70, 70, 70, 70, 70, 70, 70, 70, 70, 70, 70, 70, 70,
	70, 70, 70, 70, 70, 70, 70, 70, 70, 70, 70, 70, 70, 70, 70, 70, 70, 70,
	70, 70, 70, 70, 70, 70, 70, 70, 70, 70, 70, 70, 70, 70, 70, 70, 70, 70,
	70, 70, 70, 70, 70, 70, 70, 70, 70, 70, 70, 70, 70, 70, 70, 70, 70, 70,
	70, 70, 70, 70, 70, 70, 70, 70, 70, 70, 70, 70, 70, 70, 70, 70, 70, 70,
	70, 70, 70, 70, 70, 70, 70, 70, 70, 70, 70, 70, 70, 70, 70, 70, 70, 70,
	70, 70, 70, 70, 70, 70, 70, 70, 70, 70, 70, 70, 70, 70, 70, 70, 70, 70,
}
U0_M2_DELTA_Lower = {
	0, 0, 0, 0, 0, 0, 0, 0, 0, 0, 0, 0, 0, 0, 0, 0, 0, 0,
	0, 0, 0, 0, 0, 0, 0, 0, 0, 0, 0, 0, 0, 0, 0, 0, 0, 0,
	0, 0, 0, 0, 0, 0, 0, 0, 0, 0, 0, 0, 0, 0, 0, 0, 0, 0,
	0, 0, 0, 0, 0, 0, 0, 0, 0, 0, 0, 0, 0, 0, 0, 0, 0, 0,
	0, 0, 0, 0, 0, 0, 0, 0, 0, 0, 0, 0, 0, 0, 0, 0, 0, 0,
	0, 0, 0, 0, 0, 0, 0, 0, 0, 0, 0, 0, 0, 0, 0, 0, 0, 0,
	0, 0, 0, 0, 0, 0, 0, 0, 0, 0, 0, 0, 0, 0, 0, 0, 0, 0,
	0, 0, 0, 0, 0, 0, 0, 0, 0, 0, 0, 0, 0, 0, 0, 0, 0, 0,
	0, 0, 0, 0, 0, 0, 0, 0, 0, 0, 0, 0, 0, 0, 0, 0, 0, 0,
	0, 0, 0, 0, 0, 0, 0, 0, 0, 0, 0, 0, 0, 0, 0, 0, 0, 0,
	0, 0, 0, 0, 0, 0, 0, 0, 0, 0, 0, 0, 0, 0, 0, 0, 0, 0,
	0, 0, 0, 0, 0, 0, 0, 0, 0, 0, 0, 0, 0, 0, 0, 0, 0, 0,
	0, 0, 0, 0, 0, 0, 0, 0, 0, 0, 0, 0, 0, 0, 0, 0, 0, 0,
	0, 0, 0, 0, 0, 0, 0, 0, 0, 0, 0, 0, 0, 0, 0, 0, 0, 0,
	0, 0, 0, 0, 0, 0, 0, 0, 0, 0, 0, 0, 0, 0, 0, 0, 0, 0,
	0, 0, 0, 0, 0, 0, 0, 0, 0, 0, 0, 0, 0, 0, 0, 0, 0, 0,
	0, 0, 0, 0, 0, 0, 0, 0, 0, 0, 0, 0, 0, 0, 0, 0, 0, 0,
	0, 0, 0, 0, 0, 0, 0, 0, 0, 0, 0, 0, 0, 0, 0, 0, 0, 0,
	0, 0, 0, 0, 0, 0, 0, 0, 0, 0, 0, 0, 0, 0, 0, 0, 0, 0,
	0, 0, 0, 0, 0, 0, 0, 0, 0, 0, 0, 0, 0, 0, 0, 0, 0, 0,
	0, 0, 0, 0, 0, 0, 0, 0, 0, 0, 0, 0, 0, 0, 0, 0, 0, 0,
	0, 0, 0, 0, 0, 0, 0, 0, 0, 0, 0, 0, 0, 0, 0, 0, 0, 0,
	0, 0, 0, 0, 0, 0, 0, 0, 0, 0, 0, 0, 0, 0, 0, 0, 0, 0,
	0, 0, 0, 0, 0, 0, 0, 0, 0, 0, 0, 0, 0, 0, 0, 0, 0, 0,
	0, 0, 0, 0, 0, 0, 0, 0, 0, 0, 0, 0, 0, 0, 0, 0, 0, 0,
	0, 0, 0, 0, 0, 0, 0, 0, 0, 0, 0, 0, 0, 0, 0, 0, 0, 0,
	0, 0, 0, 0, 0, 0, 0, 0, 0, 0, 0, 0, 0, 0, 0, 0, 0, 0,
	0, 0, 0, 0, 0, 0, 0, 0, 0, 0, 0, 0, 0, 0, 0, 0, 0, 0,
	0, 0, 0, 0, 0, 0, 0, 0, 0, 0, 0, 0, 0, 0, 0, 0, 0, 0,
	0, 0, 0, 0, 0, 0, 0, 0, 0, 0, 0, 0, 0, 0, 0, 0, 0, 0,
	0, 0, 0, 0, 0, 0, 0, 0, 0, 0, 0, 0, 0, 0, 0, 0, 0, 0,
	0, 0, 0, 0, 0, 0, 0, 0, 0, 0, 0, 0, 0, 0, 0, 0, 0, 0,
}
U0_M2_DELTA_Upper = {
	70, 70, 70, 70, 70, 70, 70, 70, 70, 70, 70, 70, 70, 70, 70, 70, 70, 70,
	70, 70, 70, 70, 70, 70, 70, 70, 70, 70, 70, 70, 70, 70, 70, 70, 70, 70,
	70, 70, 70, 70, 70, 70, 70, 70, 70, 70, 70, 70, 70, 70, 70, 70, 70, 70,
	70, 70, 70, 70, 70, 70, 70, 70, 70, 70, 70, 70, 70, 70, 70, 70, 70, 70,
	70, 70, 70, 70, 70, 70, 70, 70, 70, 70, 70, 70, 70, 70, 70, 70, 70, 70,
	70, 70, 70, 70, 70, 70, 70, 70, 70, 70, 70, 70, 70, 70, 70, 70, 70, 70,
	70, 70, 70, 70, 70, 70, 70, 70, 70, 70, 70, 70, 70, 70, 70, 70, 70, 70,
	70, 70, 70, 70, 70, 70, 70, 70, 70, 70, 70, 70, 70, 70, 70, 70, 70, 70,
	70, 70, 70, 70, 70, 70, 70, 70, 70, 70, 70, 70, 70, 70, 70, 70, 70, 70,
	70, 70, 70, 70, 70, 70, 70, 70, 70, 70, 70, 70, 70, 70, 70, 70, 70, 70,
	70, 70, 70, 70, 70, 70, 70, 70, 70, 70, 70, 70, 70, 70, 70, 70, 70, 70,
	70, 70, 70, 70, 70, 70, 70, 70, 70, 70, 70, 70, 70, 70, 70, 70, 70, 70,
	70, 70, 70, 70, 70, 70, 70, 70, 70, 70, 70, 70, 70, 70, 70, 70, 70, 70,
	70, 70, 70, 70, 70, 70, 70, 70, 70, 70, 70, 70, 70, 70, 70, 70, 70, 70,
	70, 70, 70, 70, 70, 70, 70, 70, 70, 70, 70, 70, 70, 70, 70, 70, 70, 70,
	70, 70, 70, 70, 70, 70, 70, 70, 70, 70, 70, 70, 70, 70, 70, 70, 70, 70,
	70, 70, 70, 70, 70, 70, 70, 70, 70, 70, 70, 70, 70, 70, 70, 70, 70, 70,
	70, 70, 70, 70, 70, 70, 70, 70, 70, 70, 70, 70, 70, 70, 70, 70, 70, 70,
	70, 70, 70, 70, 70, 70, 70, 70, 70, 70, 70, 70, 70, 70, 70, 70, 70, 70,
	70, 70, 70, 70, 70, 70, 70, 70, 70, 70, 70, 70, 70, 70, 70, 70, 70, 70,
	70, 70, 70, 70, 70, 70, 70, 70, 70, 70, 70, 70, 70, 70, 70, 70, 70, 70,
	70, 70, 70, 70, 70, 70, 70, 70, 70, 70, 70, 70, 70, 70, 70, 70, 70, 70,
	70, 70, 70, 70, 70, 70, 70, 70, 70, 70, 70, 70, 70, 70, 70, 70, 70, 70,
	70, 70, 70, 70, 70, 70, 70, 70, 70, 70, 70, 70, 70, 70, 70, 70, 70, 70,
	70, 70, 70, 70, 70, 70, 70, 70, 70, 70, 70, 70, 70, 70, 70, 70, 70, 70,
	70, 70, 70, 70, 70, 70, 70, 70, 70, 70, 70, 70, 70, 70, 70, 70, 70, 70,
	70, 70, 70, 70, 70, 70, 70, 70, 70, 70, 70, 70, 70, 70, 70, 70, 70, 70,
	70, 70, 70, 70, 70, 70, 70, 70, 70, 70, 70, 70, 70, 70, 70, 70, 70, 70,
	70, 70, 70, 70, 70, 70, 70, 70, 70, 70, 70, 70, 70, 70, 70, 70, 70, 70,
	70, 70, 70, 70, 70, 70, 70, 70, 70, 70, 70, 70, 70, 70, 70, 70, 70, 70,
	70, 70, 70, 70, 70, 70, 70, 70, 70, 70, 70, 70, 70, 70, 70, 70, 70, 70,
	70, 70, 70, 70, 70, 70, 70, 70, 70, 70, 70, 70, 70, 70, 70, 70, 70, 70,
}
U0_M1_Lower = {
	300, 300, 300, 300, 300, 300, 300, 300, 300, 300, 300, 300, 300, 300, 300, 300, 300, 300,
	300, 300, 300, 300, 300, 300, 300, 300, 300, 300, 300, 300, 300, 300, 300, 300, 300, 300,
	300, 300, 300, 300, 300, 300, 300, 300, 300, 300, 300, 300, 300, 300, 300, 300, 300, 300,
	300, 300, 300, 300, 300, 300, 300, 300, 300, 300, 300, 300, 300, 300, 300, 300, 300, 300,
	300, 300, 300, 300, 300, 300, 300, 300, 300, 300, 300, 300, 300, 300, 300, 300, 300, 300,
	300, 300, 300, 300, 300, 300, 300, 300, 300, 300, 300, 300, 300, 300, 300, 300, 300, 300,
	300, 300, 300, 300, 300, 300, 300, 300, 300, 300, 300, 300, 300, 300, 300, 300, 300, 300,
	300, 300, 300, 300, 300, 300, 300, 300, 300, 300, 300, 300, 300, 300, 300, 300, 300, 300,
	300, 300, 300, 300, 300, 300, 300, 300, 300, 300, 300, 300, 300, 300, 300, 300, 300, 300,
	300, 300, 300, 300, 300, 300, 300, 300, 300, 300, 300, 300, 300, 300, 300, 300, 300, 300,
	300, 300, 300, 300, 300, 300, 300, 300, 300, 300, 300, 300, 300, 300, 300, 300, 300, 300,
	300, 300, 300, 300, 300, 300, 300, 300, 300, 300, 300, 300, 300, 300, 300, 300, 300, 300,
	300, 300, 300, 300, 300, 300, 300, 300, 300, 300, 300, 300, 300, 300, 300, 300, 300, 300,
	300, 300, 300, 300, 300, 300, 300, 300, 300, 300, 300, 300, 300, 300, 300, 300, 300, 300,
	300, 300, 300, 300, 300, 300, 300, 300, 300, 300, 300, 300, 300, 300, 300, 300, 300, 300,
	300, 300, 300, 300, 300, 300, 300, 300, 300, 300, 300, 300, 300, 300, 300, 300, 300, 300,
	300, 300, 300, 300, 300, 300, 300, 300, 300, 300, 300, 300, 300, 300, 300, 300, 300, 300,
	300, 300, 300, 300, 300, 300, 300, 300, 300, 300, 300, 300, 300, 300, 300, 300, 300, 300,
	300, 300, 300, 300, 300, 300, 300, 300, 300, 300, 300, 300, 300, 300, 300, 300, 300, 300,
	300, 300, 300, 300, 300, 300, 300, 300, 300, 300, 300, 300, 300, 300, 300, 300, 300, 300,
	300, 300, 300, 300, 300, 300, 300, 300, 300, 300, 300, 300, 300, 300, 300, 300, 300, 300,
	300, 300, 300, 300, 300, 300, 300, 300, 300, 300, 300, 300, 300, 300, 300, 300, 300, 300,
	300, 300, 300, 300, 300, 300, 300, 300, 300, 300, 300, 300, 300, 300, 300, 300, 300, 300,
	300, 300, 300, 300, 300, 300, 300, 300, 300, 300, 300, 300, 300, 300, 300, 300, 300, 300,
	300, 300, 300, 300, 300, 300, 300, 300, 300, 300, 300, 300, 300, 300, 300, 300, 300, 300,
	300, 300, 300, 300, 300, 300, 300, 300, 300, 300, 300, 300, 300, 300, 300, 300, 300, 300,
	300, 300, 300, 300, 300, 300, 300, 300, 300, 300, 300, 300, 300, 300, 300, 300, 300, 300,
	300, 300, 300, 300, 300, 300, 300, 300, 300, 300, 300, 300, 300, 300, 300, 300, 300, 300,
	300, 300, 300, 300, 300, 300, 300, 300, 300, 300, 300, 300, 300, 300, 300, 300, 300, 300,
	300, 300, 300, 300, 300, 300, 300, 300, 300, 300, 300, 300, 300, 300, 300, 300, 300, 300,
	300, 300, 300, 300, 300, 300, 300, 300, 300, 300, 300, 300, 300, 300, 300, 300, 300, 300,
	300, 300, 300, 300, 300, 300, 300, 300, 300, 300, 300, 300, 300, 300, 300, 300, 300, 300,
}
U0_M1_Upper = {
	1700, 1700, 1700, 1700, 1700, 1700, 1700, 1700, 1700, 1700, 1700, 1700, 1700, 1700, 1700, 1700, 1700, 1700,
	1700, 1700, 1700, 1700, 1700, 1700, 1700, 1700, 1700, 1700, 1700, 1700, 1700, 1700, 1700, 1700, 1700, 1700,
	1700, 1700, 1700, 1700, 1700, 1700, 1700, 1700, 1700, 1700, 1700, 1700, 1700, 1700, 1700, 1700, 1700, 1700,
	1700, 1700, 1700, 1700, 1700, 1700, 1700, 1700, 1700, 1700, 1700, 1700, 1700, 1700, 1700, 1700, 1700, 1700,
	1700, 1700, 1700, 1700, 1700, 1700, 1700, 1700, 1700, 1700, 1700, 1700, 1700, 1700, 1700, 1700, 1700, 1700,
	1700, 1700, 1700, 1700, 1700, 1700, 1700, 1700, 1700, 1700, 1700, 1700, 1700, 1700, 1700, 1700, 1700, 1700,
	1700, 1700, 1700, 1700, 1700, 1700, 1700, 1700, 1700, 1700, 1700, 1700, 1700, 1700, 1700, 1700, 1700, 1700,
	1700, 1700, 1700, 1700, 1700, 1700, 1700, 1700, 1700, 1700, 1700, 1700, 1700, 1700, 1700, 1700, 1700, 1700,
	1700, 1700, 1700, 1700, 1700, 1700, 1700, 1700, 1700, 1700, 1700, 1700, 1700, 1700, 1700, 1700, 1700, 1700,
	1700, 1700, 1700, 1700, 1700, 1700, 1700, 1700, 1700, 1700, 1700, 1700, 1700, 1700, 1700, 1700, 1700, 1700,
	1700, 1700, 1700, 1700, 1700, 1700, 1700, 1700, 1700, 1700, 1700, 1700, 1700, 1700, 1700, 1700, 1700, 1700,
	1700, 1700, 1700, 1700, 1700, 1700, 1700, 1700, 1700, 1700, 1700, 1700, 1700, 1700, 1700, 1700, 1700, 1700,
	1700, 1700, 1700, 1700, 1700, 1700, 1700, 1700, 1700, 1700, 1700, 1700, 1700, 1700, 1700, 1700, 1700, 1700,
	1700, 1700, 1700, 1700, 1700, 1700, 1700, 1700, 1700, 1700, 1700, 1700, 1700, 1700, 1700, 1700, 1700, 1700,
	1700, 1700, 1700, 1700, 1700, 1700, 1700, 1700, 1700, 1700, 1700, 1700, 1700, 1700, 1700, 1700, 1700, 1700,
	1700, 1700, 1700, 1700, 1700, 1700, 1700, 1700, 1700, 1700, 1700, 1700, 1700, 1700, 1700, 1700, 1700, 1700,
	1700, 1700, 1700, 1700, 1700, 1700, 1700, 1700, 1700, 1700, 1700, 1700, 1700, 1700, 1700, 1700, 1700, 1700,
	1700, 1700, 1700, 1700, 1700, 1700, 1700, 1700, 1700, 1700, 1700, 1700, 1700, 1700, 1700, 1700, 1700, 1700,
	1700, 1700, 1700, 1700, 1700, 1700, 1700, 1700, 1700, 1700, 1700, 1700, 1700, 1700, 1700, 1700, 1700, 1700,
	1700, 1700, 1700, 1700, 1700, 1700, 1700, 1700, 1700, 1700, 1700, 1700, 1700, 1700, 1700, 1700, 1700, 1700,
	1700, 1700, 1700, 1700, 1700, 1700, 1700, 1700, 1700, 1700, 1700, 1700, 1700, 1700, 1700, 1700, 1700, 1700,
	1700, 1700, 1700, 1700, 1700, 1700, 1700, 1700, 1700, 1700, 1700, 1700, 1700, 1700, 1700, 1700, 1700, 1700,
	1700, 1700, 1700, 1700, 1700, 1700, 1700, 1700, 1700, 1700, 1700, 1700, 1700, 1700, 1700, 1700, 1700, 1700,
	1700, 1700, 1700, 1700, 1700, 1700, 1700, 1700, 1700, 1700, 1700, 1700, 1700, 1700, 1700, 1700, 1700, 1700,
	1700, 1700, 1700, 1700, 1700, 1700, 1700, 1700, 1700, 1700, 1700, 1700, 1700, 1700, 1700, 1700, 1700, 1700,
	1700, 1700, 1700, 1700, 1700, 1700, 1700, 1700, 1700, 1700, 1700, 1700, 1700, 1700, 1700, 1700, 1700, 1700,
	1700, 1700, 1700, 1700, 1700, 1700, 1700, 1700, 1700, 1700, 1700, 1700, 1700, 1700, 1700, 1700, 1700, 1700,
	1700, 1700, 1700, 1700, 1700, 1700, 1700, 1700, 1700, 1700, 1700, 1700, 1700, 1700, 1700, 1700, 1700, 1700,
	1700, 1700, 1700, 1700, 1700, 1700, 1700, 1700, 1700, 1700, 1700, 1700, 1700, 1700, 1700, 1700, 1700, 1700,
	1700, 1700, 1700, 1700, 1700, 1700, 1700, 1700, 1700, 1700, 1700, 1700, 1700, 1700, 1700, 1700, 1700, 1700,
	1700, 1700, 1700, 1700, 1700, 1700, 1700, 1700, 1700, 1700, 1700, 1700, 1700, 1700, 1700, 1700, 1700, 1700,
	1700, 1700, 1700, 1700, 1700, 1700, 1700, 1700, 1700, 1700, 1700, 1700, 1700, 1700, 1700, 1700, 1700, 1700,
}
U0_M1_JITTER_Lower = {
	0, 0, 0, 0, 0, 0, 0, 0, 0, 0, 0, 0, 0, 0, 0, 0, 0, 0,
	0, 0, 0, 0, 0, 0, 0, 0, 0, 0, 0, 0, 0, 0, 0, 0, 0, 0,
	0, 0, 0, 0, 0, 0, 0, 0, 0, 0, 0, 0, 0, 0, 0, 0, 0, 0,
	0, 0, 0, 0, 0, 0, 0, 0, 0, 0, 0, 0, 0, 0, 0, 0, 0, 0,
	0, 0, 0, 0, 0, 0, 0, 0, 0, 0, 0, 0, 0, 0, 0, 0, 0, 0,
	0, 0, 0, 0, 0, 0, 0, 0, 0, 0, 0, 0, 0, 0, 0, 0, 0, 0,
	0, 0, 0, 0, 0, 0, 0, 0, 0, 0, 0, 0, 0, 0, 0, 0, 0, 0,
	0, 0, 0, 0, 0, 0, 0, 0, 0, 0, 0, 0, 0, 0, 0, 0, 0, 0,
	0, 0, 0, 0, 0, 0, 0, 0, 0, 0, 0, 0, 0, 0, 0, 0, 0, 0,
	0, 0, 0, 0, 0, 0, 0, 0, 0, 0, 0, 0, 0, 0, 0, 0, 0, 0,
	0, 0, 0, 0, 0, 0, 0, 0, 0, 0, 0, 0, 0, 0, 0, 0, 0, 0,
	0, 0, 0, 0, 0, 0, 0, 0, 0, 0, 0, 0, 0, 0, 0, 0, 0, 0,
	0, 0, 0, 0, 0, 0, 0, 0, 0, 0, 0, 0, 0, 0, 0, 0, 0, 0,
	0, 0, 0, 0, 0, 0, 0, 0, 0, 0, 0, 0, 0, 0, 0, 0, 0, 0,
	0, 0, 0, 0, 0, 0, 0, 0, 0, 0, 0, 0, 0, 0, 0, 0, 0, 0,
	0, 0, 0, 0, 0, 0, 0, 0, 0, 0, 0, 0, 0, 0, 0, 0, 0, 0,
	0, 0, 0, 0, 0, 0, 0, 0, 0, 0, 0, 0, 0, 0, 0, 0, 0, 0,
	0, 0, 0, 0, 0, 0, 0, 0, 0, 0, 0, 0, 0, 0, 0, 0, 0, 0,
	0, 0, 0, 0, 0, 0, 0, 0, 0, 0, 0, 0, 0, 0, 0, 0, 0, 0,
	0, 0, 0, 0, 0, 0, 0, 0, 0, 0, 0, 0, 0, 0, 0, 0, 0, 0,
	0, 0, 0, 0, 0, 0, 0, 0, 0, 0, 0, 0, 0, 0, 0, 0, 0, 0,
	0, 0, 0, 0, 0, 0, 0, 0, 0, 0, 0, 0, 0, 0, 0, 0, 0, 0,
	0, 0, 0, 0, 0, 0, 0, 0, 0, 0, 0, 0, 0, 0, 0, 0, 0, 0,
	0, 0, 0, 0, 0, 0, 0, 0, 0, 0, 0, 0, 0, 0, 0, 0, 0, 0,
	0, 0, 0, 0, 0, 0, 0, 0, 0, 0, 0, 0, 0, 0, 0, 0, 0, 0,
	0, 0, 0, 0, 0, 0, 0, 0, 0, 0, 0, 0, 0, 0, 0, 0, 0, 0,
	0, 0, 0, 0, 0, 0, 0, 0, 0, 0, 0, 0, 0, 0, 0, 0, 0, 0,
	0, 0, 0, 0, 0, 0, 0, 0, 0, 0, 0, 0, 0, 0, 0, 0, 0, 0,
	0, 0, 0, 0, 0, 0, 0, 0, 0, 0, 0, 0, 0, 0, 0, 0, 0, 0,
	0, 0, 0, 0, 0, 0, 0, 0, 0, 0, 0, 0, 0, 0, 0, 0, 0, 0,
	0, 0, 0, 0, 0, 0, 0, 0, 0, 0, 0, 0, 0, 0, 0, 0, 0, 0,
	0, 0, 0, 0, 0, 0, 0, 0, 0, 0, 0, 0, 0, 0, 0, 0, 0, 0,
}
U0_M1_JITTER_Upper = {
	80, 80, 80, 80, 80, 80, 80, 80, 80, 80, 80, 80, 80, 80, 80, 80, 80, 80,
	80, 80, 80, 80, 80, 80, 80, 80, 80, 80, 80, 80, 80, 80, 80, 80, 80, 80,
	80, 80, 80, 80, 80, 80, 80, 80, 80, 80, 80, 80, 80, 80, 80, 80, 80, 80,
	80, 80, 80, 80, 80, 80, 80, 80, 80, 80, 80, 80, 80, 80, 80, 80, 80, 80,
	80, 80, 80, 80, 80, 80, 80, 80, 80, 80, 80, 80, 80, 80, 80, 80, 80, 80,
	80, 80, 80, 80, 80, 80, 80, 80, 80, 80, 80, 80, 80, 80, 80, 80, 80, 80,
	80, 80, 80, 80, 80, 80, 80, 80, 80, 80, 80, 80, 80, 80, 80, 80, 80, 80,
	80, 80, 80, 80, 80, 80, 80, 80, 80, 80, 80, 80, 80, 80, 80, 80, 80, 80,
	80, 80, 80, 80, 80, 80, 80, 80, 80, 80, 80, 80, 80, 80, 80, 80, 80, 80,
	80, 80, 80, 80, 80, 80, 80, 80, 80, 80, 80, 80, 80, 80, 80, 80, 80, 80,
	80, 80, 80, 80, 80, 80, 80, 80, 80, 80, 80, 80, 80, 80, 80, 80, 80, 80,
	80, 80, 80, 80, 80, 80, 80, 80, 80, 80, 80, 80, 80, 80, 80, 80, 80, 80,
	80, 80, 80, 80, 80, 80, 80, 80, 80, 80, 80, 80, 80, 80, 80, 80, 80, 80,
	80, 80, 80, 80, 80, 80, 80, 80, 80, 80, 80, 80, 80, 80, 80, 80, 80, 80,
	80, 80, 80, 80, 80, 80, 80, 80, 80, 80, 80, 80, 80, 80, 80, 80, 80, 80,
	80, 80, 80, 80, 80, 80, 80, 80, 80, 80, 80, 80, 80, 80, 80, 80, 80, 80,
	80, 80, 80, 80, 80, 80, 80, 80, 80, 80, 80, 80, 80, 80, 80, 80, 80, 80,
	80, 80, 80, 80, 80, 80, 80, 80, 80, 80, 80, 80, 80, 80, 80, 80, 80, 80,
	80, 80, 80, 80, 80, 80, 80, 80, 80, 80, 80, 80, 80, 80, 80, 80, 80, 80,
	80, 80, 80, 80, 80, 80, 80, 80, 80, 80, 80, 80, 80, 80, 80, 80, 80, 80,
	80, 80, 80, 80, 80, 80, 80, 80, 80, 80, 80, 80, 80, 80, 80, 80, 80, 80,
	80, 80, 80, 80, 80, 80, 80, 80, 80, 80, 80, 80, 80, 80, 80, 80, 80, 80,
	80, 80, 80, 80, 80, 80, 80, 80, 80, 80, 80, 80, 80, 80, 80, 80, 80, 80,
	80, 80, 80, 80, 80, 80, 80, 80, 80, 80, 80, 80, 80, 80, 80, 80, 80, 80,
	80, 80, 80, 80, 80, 80, 80, 80, 80, 80, 80, 80, 80, 80, 80, 80, 80, 80,
	80, 80, 80, 80, 80, 80, 80, 80, 80, 80, 80, 80, 80, 80, 80, 80, 80, 80,
	80, 80, 80, 80, 80, 80, 80, 80, 80, 80, 80, 80, 80, 80, 80, 80, 80, 80,
	80, 80, 80, 80, 80, 80, 80, 80, 80, 80, 80, 80, 80, 80, 80, 80, 80, 80,
	80, 80, 80, 80, 80, 80, 80, 80, 80, 80, 80, 80, 80, 80, 80, 80, 80, 80,
	80, 80, 80, 80, 80, 80, 80, 80, 80, 80, 80, 80, 80, 80, 80, 80, 80, 80,
	80, 80, 80, 80, 80, 80, 80, 80, 80, 80, 80, 80, 80, 80, 80, 80, 80, 80,
	80, 80, 80, 80, 80, 80, 80, 80, 80, 80, 80, 80, 80, 80, 80, 80, 80, 80,
}
OPEN_Lower = {
	3150, 3150, 3150, 3150, 3150, 3150, 3150, 3150, 3150, 3150, 3150, 3150, 3150, 3150, 3150, 3150, 3150, 3150,
	3150, 3150, 3150, 3150, 3150, 3150, 3150, 3150, 3150, 3150, 3150, 3150, 3150, 3150, 3150, 3150, 3150, 3150,
	3150, 3150, 3150, 3150, 3150, 3150, 3150, 3150, 3150, 3150, 3150, 3150, 3150, 3150, 3150, 3150, 3150, 3150,
	3150, 3150, 3150, 3150, 3150, 3150, 3150, 3150, 3150, 3150, 3150, 3150, 3150, 3150, 3150, 3150, 3150, 3150,
	3150, 3150, 3150, 3150, 3150, 3150, 3150, 3150, 3150, 3150, 3150, 3150, 3150, 3150, 3150, 3150, 3150, 3150,
	3150, 3150, 3150, 3150, 3150, 3150, 3150, 3150, 3150, 3150, 3150, 3150, 3150, 3150, 3150, 3150, 3150, 3150,
	3150, 3150, 3150, 3150, 3150, 3150, 3150, 3150, 3150, 3150, 3150, 3150, 3150, 3150, 3150, 3150, 3150, 3150,
	3150, 3150, 3150, 3150, 3150, 3150, 3150, 3150, 3150, 3150, 3150, 3150, 3150, 3150, 3150, 3150, 3150, 3150,
	3150, 3150, 3150, 3150, 3150, 3150, 3150, 3150, 3150, 3150, 3150, 3150, 3150, 3150, 3150, 3150, 3150, 3150,
	3150, 3150, 3150, 3150, 3150, 3150, 3150, 3150, 3150, 3150, 3150, 3150, 3150, 3150, 3150, 3150, 3150, 3150,
	3150, 3150, 3150, 3150, 3150, 3150, 3150, 3150, 3150, 3150, 3150, 3150, 3150, 3150, 3150, 3150, 3150, 3150,
	3150, 3150, 3150, 3150, 3150, 3150, 3150, 3150, 3150, 3150, 3150, 3150, 3150, 3150, 3150, 3150, 3150, 3150,
	3150, 3150, 3150, 3150, 3150, 3150, 3150, 3150, 3150, 3150, 3150, 3150, 3150, 3150, 3150, 3150, 3150, 3150,
	3150, 3150, 3150, 3150, 3150, 3150, 3150, 3150, 3150, 3150, 3150, 3150, 3150, 3150, 3150, 3150, 3150, 3150,
	3150, 3150, 3150, 3150, 3150, 3150, 3150, 3150, 3150, 3150, 3150, 3150, 3150, 3150, 3150, 3150, 3150, 3150,
	3150, 3150, 3150, 3150, 3150, 3150, 3150, 3150, 3150, 3150, 3150, 3150, 3150, 3150, 3150, 3150, 3150, 3150,
	3150, 3150, 3150, 3150, 3150, 3150, 3150, 3150, 3150, 3150, 3150, 3150, 3150, 3150, 3150, 3150, 3150, 3150,
	3150, 3150, 3150, 3150, 3150, 3150, 3150, 3150, 3150, 3150, 3150, 3150, 3150, 3150, 3150, 3150, 3150, 3150,
	3150, 3150, 3150, 3150, 3150, 3150, 3150, 3150, 3150, 3150, 3150, 3150, 3150, 3150, 3150, 3150, 3150, 3150,
	3150, 3150, 3150, 3150, 3150, 3150, 3150, 3150, 3150, 3150, 3150, 3150, 3150, 3150, 3150, 3150, 3150, 3150,
	3150, 3150, 3150, 3150, 3150, 3150, 3150, 3150, 3150, 3150, 3150, 3150, 3150, 3150, 3150, 3150, 3150, 3150,
	3150, 3150, 3150, 3150, 3150, 3150, 3150, 3150, 3150, 3150, 3150, 3150, 3150, 3150, 3150, 3150, 3150, 3150,
	3150, 3150, 3150, 3150, 3150, 3150, 3150, 3150, 3150, 3150, 3150, 3150, 3150, 3150, 3150, 3150, 3150, 3150,
	3150, 3150, 3150, 3150, 3150, 3150, 3150, 3150, 3150, 3150, 3150, 3150, 3150, 3150, 3150, 3150, 3150, 3150,
	3150, 3150, 3150, 3150, 3150, 3150, 3150, 3150, 3150, 3150, 3150, 3150, 3150, 3150, 3150, 3150, 3150, 3150,
	3150, 3150, 3150, 3150, 3150, 3150, 3150, 3150, 3150, 3150, 3150, 3150, 3150, 3150, 3150, 3150, 3150, 3150,
	3150, 3150, 3150, 3150, 3150, 3150, 3150, 3150, 3150, 3150, 3150, 3150, 3150, 3150, 3150, 3150, 3150, 3150,
	3150, 3150, 3150, 3150, 3150, 3150, 3150, 3150, 3150, 3150, 3150, 3150, 3150, 3150, 3150, 3150, 3150, 3150,
	3150, 3150, 3150, 3150, 3150, 3150, 3150, 3150, 3150, 3150, 3150, 3150, 3150, 3150, 3150, 3150, 3150, 3150,
	3150, 3150, 3150, 3150, 3150, 3150, 3150, 3150, 3150, 3150, 3150, 3150, 3150, 3150, 3150, 3150, 3150, 3150,
	3150, 3150, 3150, 3150, 3150, 3150, 3150, 3150, 3150, 3150, 3150, 3150, 3150, 3150, 3150, 3150, 3150, 3150,
	3150, 3150, 3150, 3150, 3150, 3150, 3150, 3150, 3150, 3150, 3150, 3150, 3150, 3150, 3150, 3150, 3150, 3150,
}
OPEN_Upper = {
	4700, 4700, 4700, 4700, 4700, 4700, 4700, 4700, 4700, 4700, 4700, 4700, 4700, 4700, 4700, 4700, 4700, 4700,
	4700, 4700, 4700, 4700, 4700, 4700, 4700, 4700, 4700, 4700, 4700, 4700, 4700, 4700, 4700, 4700, 4700, 4700,
	4700, 4700, 4700, 4700, 4700, 4700, 4700, 4700, 4700, 4700, 4700, 4700, 4700, 4700, 4700, 4700, 4700, 4700,
	4700, 4700, 4700, 4700, 4700, 4700, 4700, 4700, 4700, 4700, 4700, 4700, 4700, 4700, 4700, 4700, 4700, 4700,
	4700, 4700, 4700, 4700, 4700, 4700, 4700, 4700, 4700, 4700, 4700, 4700, 4700, 4700, 4700, 4700, 4700, 4700,
	4700, 4700, 4700, 4700, 4700, 4700, 4700, 4700, 4700, 4700, 4700, 4700, 4700, 4700, 4700, 4700, 4700, 4700,
	4700, 4700, 4700, 4700, 4700, 4700, 4700, 4700, 4700, 4700, 4700, 4700, 4700, 4700, 4700, 4700, 4700, 4700,
	4700, 4700, 4700, 4700, 4700, 4700, 4700, 4700, 4700, 4700, 4700, 4700, 4700, 4700, 4700, 4700, 4700, 4700,
	4700, 4700, 4700, 4700, 4700, 4700, 4700, 4700, 4700, 4700, 4700, 4700, 4700, 4700, 4700, 4700, 4700, 4700,
	4700, 4700, 4700, 4700, 4700, 4700, 4700, 4700, 4700, 4700, 4700, 4700, 4700, 4700, 4700, 4700, 4700, 4700,
	4700, 4700, 4700, 4700, 4700, 4700, 4700, 4700, 4700, 4700, 4700, 4700, 4700, 4700, 4700, 4700, 4700, 4700,
	4700, 4700, 4700, 4700, 4700, 4700, 4700, 4700, 4700, 4700, 4700, 4700, 4700, 4700, 4700, 4700, 4700, 4700,
	4700, 4700, 4700, 4700, 4700, 4700, 4700, 4700, 4700, 4700, 4700, 4700, 4700, 4700, 4700, 4700, 4700, 4700,
	4700, 4700, 4700, 4700, 4700, 4700, 4700, 4700, 4700, 4700, 4700, 4700, 4700, 4700, 4700, 4700, 4700, 4700,
	4700, 4700, 4700, 4700, 4700, 4700, 4700, 4700, 4700, 4700, 4700, 4700, 4700, 4700, 4700, 4700, 4700, 4700,
	4700, 4700, 4700, 4700, 4700, 4700, 4700, 4700, 4700, 4700, 4700, 4700, 4700, 4700, 4700, 4700, 4700, 4700,
	4700, 4700, 4700, 4700, 4700, 4700, 4700, 4700, 4700, 4700, 4700, 4700, 4700, 4700, 4700, 4700, 4700, 4700,
	4700, 4700, 4700, 4700, 4700, 4700, 4700, 4700, 4700, 4700, 4700, 4700, 4700, 4700, 4700, 4700, 4700, 4700,
	4700, 4700, 4700, 4700, 4700, 4700, 4700, 4700, 4700, 4700, 4700, 4700, 4700, 4700, 4700, 4700, 4700, 4700,
	4700, 4700, 4700, 4700, 4700, 4700, 4700, 4700, 4700, 4700, 4700, 4700, 4700, 4700, 4700, 4700, 4700, 4700,
	4700, 4700, 4700, 4700, 4700, 4700, 4700, 4700, 4700, 4700, 4700, 4700, 4700, 4700, 4700, 4700, 4700, 4700,
	4700, 4700, 4700, 4700, 4700, 4700, 4700, 4700, 4700, 4700, 4700, 4700, 4700, 4700, 4700, 4700, 4700, 4700,
	4700, 4700, 4700, 4700, 4700, 4700, 4700, 4700, 4700, 4700, 4700, 4700, 4700, 4700, 4700, 4700, 4700, 4700,
	4700, 4700, 4700, 4700, 4700, 4700, 4700, 4700, 4700, 4700, 4700, 4700, 4700, 4700, 4700, 4700, 4700, 4700,
	4700, 4700, 4700, 4700, 4700, 4700, 4700, 4700, 4700, 4700, 4700, 4700, 4700, 4700, 4700, 4700, 4700, 4700,
	4700, 4700, 4700, 4700, 4700, 4700, 4700, 4700, 4700, 4700, 4700, 4700, 4700, 4700, 4700, 4700, 4700, 4700,
	4700, 4700, 4700, 4700, 4700, 4700, 4700, 4700, 4700, 4700, 4700, 4700, 4700, 4700, 4700, 4700, 4700, 4700,
	4700, 4700, 4700, 4700, 4700, 4700, 4700, 4700, 4700, 4700, 4700, 4700, 4700, 4700, 4700, 4700, 4700, 4700,
	4700, 4700, 4700, 4700, 4700, 4700, 4700, 4700, 4700, 4700, 4700, 4700, 4700, 4700, 4700, 4700, 4700, 4700,
	4700, 4700, 4700, 4700, 4700, 4700, 4700, 4700, 4700, 4700, 4700, 4700, 4700, 4700, 4700, 4700, 4700, 4700,
	4700, 4700, 4700, 4700, 4700, 4700, 4700, 4700, 4700, 4700, 4700, 4700, 4700, 4700, 4700, 4700, 4700, 4700,
	4700, 4700, 4700, 4700, 4700, 4700, 4700, 4700, 4700, 4700, 4700, 4700, 4700, 4700, 4700, 4700, 4700, 4700,
}
SHORT_Lower = {
	1800, 1800, 1800, 1800, 1800, 1800, 1800, 1800, 1800, 1800, 1800, 1800, 1800, 1800, 1800, 1800, 1800, 1800,
	1800, 1800, 1800, 1800, 1800, 1800, 1800, 1800, 1800, 1800, 1800, 1800, 1800, 1800, 1800, 1800, 1800, 1800,
	1800, 1800, 1800, 1800, 1800, 1800, 1800, 1800, 1800, 1800, 1800, 1800, 1800, 1800, 1800, 1800, 1800, 1800,
	1800, 1800, 1800, 1800, 1800, 1800, 1800, 1800, 1800, 1800, 1800, 1800, 1800, 1800, 1800, 1800, 1800, 1800,
	1800, 1800, 1800, 1800, 1800, 1800, 1800, 1800, 1800, 1800, 1800, 1800, 1800, 1800, 1800, 1800, 1800, 1800,
	1800, 1800, 1800, 1800, 1800, 1800, 1800, 1800, 1800, 1800, 1800, 1800, 1800, 1800, 1800, 1800, 1800, 1800,
	1800, 1800, 1800, 1800, 1800, 1800, 1800, 1800, 1800, 1800, 1800, 1800, 1800, 1800, 1800, 1800, 1800, 1800,
	1800, 1800, 1800, 1800, 1800, 1800, 1800, 1800, 1800, 1800, 1800, 1800, 1800, 1800, 1800, 1800, 1800, 1800,
	1800, 1800, 1800, 1800, 1800, 1800, 1800, 1800, 1800, 1800, 1800, 1800, 1800, 1800, 1800, 1800, 1800, 1800,
	1800, 1800, 1800, 1800, 1800, 1800, 1800, 1800, 1800, 1800, 1800, 1800, 1800, 1800, 1800, 1800, 1800, 1800,
	1800, 1800, 1800, 1800, 1800, 1800, 1800, 1800, 1800, 1800, 1800, 1800, 1800, 1800, 1800, 1800, 1800, 1800,
	1800, 1800, 1800, 1800, 1800, 1800, 1800, 1800, 1800, 1800, 1800, 1800, 1800, 1800, 1800, 1800, 1800, 1800,
	1800, 1800, 1800, 1800, 1800, 1800, 1800, 1800, 1800, 1800, 1800, 1800, 1800, 1800, 1800, 1800, 1800, 1800,
	1800, 1800, 1800, 1800, 1800, 1800, 1800, 1800, 1800, 1800, 1800, 1800, 1800, 1800, 1800, 1800, 1800, 1800,
	1800, 1800, 1800, 1800, 1800, 1800, 1800, 1800, 1800, 1800, 1800, 1800, 1800, 1800, 1800, 1800, 1800, 1800,
	1800, 1800, 1800, 1800, 1800, 1800, 1800, 1800, 1800, 1800, 1800, 1800, 1800, 1800, 1800, 1800, 1800, 1800,
	1800, 1800, 1800, 1800, 1800, 1800, 1800, 1800, 1800, 1800, 1800, 1800, 1800, 1800, 1800, 1800, 1800, 1800,
	1800, 1800, 1800, 1800, 1800, 1800, 1800, 1800, 1800, 1800, 1800, 1800, 1800, 1800, 1800, 1800, 1800, 1800,
	1800, 1800, 1800, 1800, 1800, 1800, 1800, 1800, 1800, 1800, 1800, 1800, 1800, 1800, 1800, 1800, 1800, 1800,
	1800, 1800, 1800, 1800, 1800, 1800, 1800, 1800, 1800, 1800, 1800, 1800, 1800, 1800, 1800, 1800, 1800, 1800,
	1800, 1800, 1800, 1800, 1800, 1800, 1800, 1800, 1800, 1800, 1800, 1800, 1800, 1800, 1800, 1800, 1800, 1800,
	1800, 1800, 1800, 1800, 1800, 1800, 1800, 1800, 1800, 1800, 1800, 1800, 1800, 1800, 1800, 1800, 1800, 1800,
	1800, 1800, 1800, 1800, 1800, 1800, 1800, 1800, 1800, 1800, 1800, 1800, 1800, 1800, 1800, 1800, 1800, 1800,
	1800, 1800, 1800, 1800, 1800, 1800, 1800, 1800, 1800, 1800, 1800, 1800, 1800, 1800, 1800, 1800, 1800, 1800,
	1800, 1800, 1800, 1800, 1800, 1800, 1800, 1800, 1800, 1800, 1800, 1800, 1800, 1800, 1800, 1800, 1800, 1800,
	1800, 1800, 1800, 1800, 1800, 1800, 1800, 1800, 1800, 1800, 1800, 1800, 1800, 1800, 1800, 1800, 1800, 1800,
	1800, 1800, 1800, 1800, 1800, 1800, 1800, 1800, 1800, 1800, 1800, 1800, 1800, 1800, 1800, 1800, 1800, 1800,
	1800, 1800, 1800, 1800, 1800, 1800, 1800, 1800, 1800, 1800, 1800, 1800, 1800, 1800, 1800, 1800, 1800, 1800,
	1800, 1800, 1800, 1800, 1800, 1800, 1800, 1800, 1800, 1800, 1800, 1800, 1800, 1800, 1800, 1800, 1800, 1800,
	1800, 1800, 1800, 1800, 1800, 1800, 1800, 1800, 1800, 1800, 1800, 1800, 1800, 1800, 1800, 1800, 1800, 1800,
	1800, 1800, 1800, 1800, 1800, 1800, 1800, 1800, 1800, 1800, 1800, 1800, 1800, 1800, 1800, 1800, 1800, 1800,
	1800, 1800, 1800, 1800, 1800, 1800, 1800, 1800, 1800, 1800, 1800, 1800, 1800, 1800, 1800, 1800, 1800, 1800,
}
SHORT_Upper = {
	2070, 2070, 2070, 2070, 2070, 2070, 2070, 2070, 2070, 2070, 2070, 2070, 2070, 2070, 2070, 2070, 2070, 2070,
	2070, 2070, 2070, 2070, 2070, 2070, 2070, 2070, 2070, 2070, 2070, 2070, 2070, 2070, 2070, 2070, 2070, 2070,
	2070, 2070, 2070, 2070, 2070, 2070, 2070, 2070, 2070, 2070, 2070, 2070, 2070, 2070, 2070, 2070, 2070, 2070,
	2070, 2070, 2070, 2070, 2070, 2070, 2070, 2070, 2070, 2070, 2070, 2070, 2070, 2070, 2070, 2070, 2070, 2070,
	2070, 2070, 2070, 2070, 2070, 2070, 2070, 2070, 2070, 2070, 2070, 2070, 2070, 2070, 2070, 2070, 2070, 2070,
	2070, 2070, 2070, 2070, 2070, 2070, 2070, 2070, 2070, 2070, 2070, 2070, 2070, 2070, 2070, 2070, 2070, 2070,
	2070, 2070, 2070, 2070, 2070, 2070, 2070, 2070, 2070, 2070, 2070, 2070, 2070, 2070, 2070, 2070, 2070, 2070,
	2070, 2070, 2070, 2070, 2070, 2070, 2070, 2070, 2070, 2070, 2070, 2070, 2070, 2070, 2070, 2070, 2070, 2070,
	2070, 2070, 2070, 2070, 2070, 2070, 2070, 2070, 2070, 2070, 2070, 2070, 2070, 2070, 2070, 2070, 2070, 2070,
	2070, 2070, 2070, 2070, 2070, 2070, 2070, 2070, 2070, 2070, 2070, 2070, 2070, 2070, 2070, 2070, 2070, 2070,
	2070, 2070, 2070, 2070, 2070, 2070, 2070, 2070, 2070, 2070, 2070, 2070, 2070, 2070, 2070, 2070, 2070, 2070,
	2070, 2070, 2070, 2070, 2070, 2070, 2070, 2070, 2070, 2070, 2070, 2070, 2070, 2070, 2070, 2070, 2070, 2070,
	2070, 2070, 2070, 2070, 2070, 2070, 2070, 2070, 2070, 2070, 2070, 2070, 2070, 2070, 2070, 2070, 2070, 2070,
	2070, 2070, 2070, 2070, 2070, 2070, 2070, 2070, 2070, 2070, 2070, 2070, 2070, 2070, 2070, 2070, 2070, 2070,
	2070, 2070, 2070, 2070, 2070, 2070, 2070, 2070, 2070, 2070, 2070, 2070, 2070, 2070, 2070, 2070, 2070, 2070,
	2070, 2070, 2070, 2070, 2070, 2070, 2070, 2070, 2070, 2070, 2070, 2070, 2070, 2070, 2070, 2070, 2070, 2070,
	2070, 2070, 2070, 2070, 2070, 2070, 2070, 2070, 2070, 2070, 2070, 2070, 2070, 2070, 2070, 2070, 2070, 2070,
	2070, 2070, 2070, 2070, 2070, 2070, 2070, 2070, 2070, 2070, 2070, 2070, 2070, 2070, 2070, 2070, 2070, 2070,
	2070, 2070, 2070, 2070, 2070, 2070, 2070, 2070, 2070, 2070, 2070, 2070, 2070, 2070, 2070, 2070, 2070, 2070,
	2070, 2070, 2070, 2070, 2070, 2070, 2070, 2070, 2070, 2070, 2070, 2070, 2070, 2070, 2070, 2070, 2070, 2070,
	2070, 2070, 2070, 2070, 2070, 2070, 2070, 2070, 2070, 2070, 2070, 2070, 2070, 2070, 2070, 2070, 2070, 2070,
	2070, 2070, 2070, 2070, 2070, 2070, 2070, 2070, 2070, 2070, 2070, 2070, 2070, 2070, 2070, 2070, 2070, 2070,
	2070, 2070, 2070, 2070, 2070, 2070, 2070, 2070, 2070, 2070, 2070, 2070, 2070, 2070, 2070, 2070, 2070, 2070,
	2070, 2070, 2070, 2070, 2070, 2070, 2070, 2070, 2070, 2070, 2070, 2070, 2070, 2070, 2070, 2070, 2070, 2070,
	2070, 2070, 2070, 2070, 2070, 2070, 2070, 2070, 2070, 2070, 2070, 2070, 2070, 2070, 2070, 2070, 2070, 2070,
	2070, 2070, 2070, 2070, 2070, 2070, 2070, 2070, 2070, 2070, 2070, 2070, 2070, 2070, 2070, 2070, 2070, 2070,
	2070, 2070, 2070, 2070, 2070, 2070, 2070, 2070, 2070, 2070, 2070, 2070, 2070, 2070, 2070, 2070, 2070, 2070,
	2070, 2070, 2070, 2070, 2070, 2070, 2070, 2070, 2070, 2070, 2070, 2070, 2070, 2070, 2070, 2070, 2070, 2070,
	2070, 2070, 2070, 2070, 2070, 2070, 2070, 2070, 2070, 2070, 2070, 2070, 2070, 2070, 2070, 2070, 2070, 2070,
	2070, 2070, 2070, 2070, 2070, 2070, 2070, 2070, 2070, 2070, 2070, 2070, 2070, 2070, 2070, 2070, 2070, 2070,
	2070, 2070, 2070, 2070, 2070, 2070, 2070, 2070, 2070, 2070, 2070, 2070, 2070, 2070, 2070, 2070, 2070, 2070,
	2070, 2070, 2070, 2070, 2070, 2070, 2070, 2070, 2070, 2070, 2070, 2070, 2070, 2070, 2070, 2070, 2070, 2070,
}
U3_BLU_JITTER_Lower = {
	0, 0, 0, 0, 0, 0, 0, 0, 0, 0, 0, 0, 0, 0, 0, 0, 0, 0,
	0, 0, 0, 0, 0, 0, 0, 0, 0, 0, 0, 0, 0, 0, 0, 0, 0, 0,
	0, 0, 0, 0, 0, 0, 0, 0, 0, 0, 0, 0, 0, 0, 0, 0, 0, 0,
	0, 0, 0, 0, 0, 0, 0, 0, 0, 0, 0, 0, 0, 0, 0, 0, 0, 0,
	0, 0, 0, 0, 0, 0, 0, 0, 0, 0, 0, 0, 0, 0, 0, 0, 0, 0,
	0, 0, 0, 0, 0, 0, 0, 0, 0, 0, 0, 0, 0, 0, 0, 0, 0, 0,
	0, 0, 0, 0, 0, 0, 0, 0, 0, 0, 0, 0, 0, 0, 0, 0, 0, 0,
	0, 0, 0, 0, 0, 0, 0, 0, 0, 0, 0, 0, 0, 0, 0, 0, 0, 0,
	0, 0, 0, 0, 0, 0, 0, 0, 0, 0, 0, 0, 0, 0, 0, 0, 0, 0,
	0, 0, 0, 0, 0, 0, 0, 0, 0, 0, 0, 0, 0, 0, 0, 0, 0, 0,
	0, 0, 0, 0, 0, 0, 0, 0, 0, 0, 0, 0, 0, 0, 0, 0, 0, 0,
	0, 0, 0, 0, 0, 0, 0, 0, 0, 0, 0, 0, 0, 0, 0, 0, 0, 0,
	0, 0, 0, 0, 0, 0, 0, 0, 0, 0, 0, 0, 0, 0, 0, 0, 0, 0,
	0, 0, 0, 0, 0, 0, 0, 0, 0, 0, 0, 0, 0, 0, 0, 0, 0, 0,
	0, 0, 0, 0, 0, 0, 0, 0, 0, 0, 0, 0, 0, 0, 0, 0, 0, 0,
	0, 0, 0, 0, 0, 0, 0, 0, 0, 0, 0, 0, 0, 0, 0, 0, 0, 0,
	0, 0, 0, 0, 0, 0, 0, 0, 0, 0, 0, 0, 0, 0, 0, 0, 0, 0,
	0, 0, 0, 0, 0, 0, 0, 0, 0, 0, 0, 0, 0, 0, 0, 0, 0, 0,
	0, 0, 0, 0, 0, 0, 0, 0, 0, 0, 0, 0, 0, 0, 0, 0, 0, 0,
	0, 0, 0, 0, 0, 0, 0, 0, 0, 0, 0, 0, 0, 0, 0, 0, 0, 0,
	0, 0, 0, 0, 0, 0, 0, 0, 0, 0, 0, 0, 0, 0, 0, 0, 0, 0,
	0, 0, 0, 0, 0, 0, 0, 0, 0, 0, 0, 0, 0, 0, 0, 0, 0, 0,
	0, 0, 0, 0, 0, 0, 0, 0, 0, 0, 0, 0, 0, 0, 0, 0, 0, 0,
	0, 0, 0, 0, 0, 0, 0, 0, 0, 0, 0, 0, 0, 0, 0, 0, 0, 0,
	0, 0, 0, 0, 0, 0, 0, 0, 0, 0, 0, 0, 0, 0, 0, 0, 0, 0,
	0, 0, 0, 0, 0, 0, 0, 0, 0, 0, 0, 0, 0, 0, 0, 0, 0, 0,
	0, 0, 0, 0, 0, 0, 0, 0, 0, 0, 0, 0, 0, 0, 0, 0, 0, 0,
	0, 0, 0, 0, 0, 0, 0, 0, 0, 0, 0, 0, 0, 0, 0, 0, 0, 0,
	0, 0, 0, 0, 0, 0, 0, 0, 0, 0, 0, 0, 0, 0, 0, 0, 0, 0,
	0, 0, 0, 0, 0, 0, 0, 0, 0, 0, 0, 0, 0, 0, 0, 0, 0, 0,
	0, 0, 0, 0, 0, 0, 0, 0, 0, 0, 0, 0, 0, 0, 0, 0, 0, 0,
	0, 0, 0, 0, 0, 0, 0, 0, 0, 0, 0, 0, 0, 0, 0, 0, 0, 0,
}
U3_BLU_JITTER_Upper = {
	80, 80, 80, 80, 80, 80, 80, 80, 80, 80, 80, 80, 80, 80, 80, 80, 80, 80,
	80, 80, 80, 80, 80, 80, 80, 80, 80, 80, 80, 80, 80, 80, 80, 80, 80, 80,
	80, 80, 80, 80, 80, 80, 80, 80, 80, 80, 80, 80, 80, 80, 80, 80, 80, 80,
	80, 80, 80, 80, 80, 80, 80, 80, 80, 80, 80, 80, 80, 80, 80, 80, 80, 80,
	80, 80, 80, 80, 80, 80, 80, 80, 80, 80, 80, 80, 80, 80, 80, 80, 80, 80,
	80, 80, 80, 80, 80, 80, 80, 80, 80, 80, 80, 80, 80, 80, 80, 80, 80, 80,
	80, 80, 80, 80, 80, 80, 80, 80, 80, 80, 80, 80, 80, 80, 80, 80, 80, 80,
	80, 80, 80, 80, 80, 80, 80, 80, 80, 80, 80, 80, 80, 80, 80, 80, 80, 80,
	80, 80, 80, 80, 80, 80, 80, 80, 80, 80, 80, 80, 80, 80, 80, 80, 80, 80,
	80, 80, 80, 80, 80, 80, 80, 80, 80, 80, 80, 80, 80, 80, 80, 80, 80, 80,
	80, 80, 80, 80, 80, 80, 80, 80, 80, 80, 80, 80, 80, 80, 80, 80, 80, 80,
	80, 80, 80, 80, 80, 80, 80, 80, 80, 80, 80, 80, 80, 80, 80, 80, 80, 80,
	80, 80, 80, 80, 80, 80, 80, 80, 80, 80, 80, 80, 80, 80, 80, 80, 80, 80,
	80, 80, 80, 80, 80, 80, 80, 80, 80, 80, 80, 80, 80, 80, 80, 80, 80, 80,
	80, 80, 80, 80, 80, 80, 80, 80, 80, 80, 80, 80, 80, 80, 80, 80, 80, 80,
	80, 80, 80, 80, 80, 80, 80, 80, 80, 80, 80, 80, 80, 80, 80, 80, 80, 80,
	80, 80, 80, 80, 80, 80, 80, 80, 80, 80, 80, 80, 80, 80, 80, 80, 80, 80,
	80, 80, 80, 80, 80, 80, 80, 80, 80, 80, 80, 80, 80, 80, 80, 80, 80, 80,
	80, 80, 80, 80, 80, 80, 80, 80, 80, 80, 80, 80, 80, 80, 80, 80, 80, 80,
	80, 80, 80, 80, 80, 80, 80, 80, 80, 80, 80, 80, 80, 80, 80, 80, 80, 80,
	80, 80, 80, 80, 80, 80, 80, 80, 80, 80, 80, 80, 80, 80, 80, 80, 80, 80,
	80, 80, 80, 80, 80, 80, 80, 80, 80, 80, 80, 80, 80, 80, 80, 80, 80, 80,
	80, 80, 80, 80, 80, 80, 80, 80, 80, 80, 80, 80, 80, 80, 80, 80, 80, 80,
	80, 80, 80, 80, 80, 80, 80, 80, 80, 80, 80, 80, 80, 80, 80, 80, 80, 80,
	80, 80, 80, 80, 80, 80, 80, 80, 80, 80, 80, 80, 80, 80, 80, 80, 80, 80,
	80, 80, 80, 80, 80, 80, 80, 80, 80, 80, 80, 80, 80, 80, 80, 80, 80, 80,
	80, 80, 80, 80, 80, 80, 80, 80, 80, 80, 80, 80, 80, 80, 80, 80, 80, 80,
	80, 80, 80, 80, 80, 80, 80, 80, 80, 80, 80, 80, 80, 80, 80, 80, 80, 80,
	80, 80, 80, 80, 80, 80, 80, 80, 80, 80, 80, 80, 80, 80, 80, 80, 80, 80,
	80, 80, 80, 80, 80, 80, 80, 80, 80, 80, 80, 80, 80, 80, 80, 80, 80, 80,
	80, 80, 80, 80, 80, 80, 80, 80, 80, 80, 80, 80, 80, 80, 80, 80, 80, 80,
	80, 80, 80, 80, 80, 80, 80, 80, 80, 80, 80, 80, 80, 80, 80, 80, 80, 80,
}
U3_JITTER_Lower = {
	0, 0, 0, 0, 0, 0, 0, 0, 0, 0, 0, 0, 0, 0, 0, 0, 0, 0,
	0, 0, 0, 0, 0, 0, 0, 0, 0, 0, 0, 0, 0, 0, 0, 0, 0, 0,
	0, 0, 0, 0, 0, 0, 0, 0, 0, 0, 0, 0, 0, 0, 0, 0, 0, 0,
	0, 0, 0, 0, 0, 0, 0, 0, 0, 0, 0, 0, 0, 0, 0, 0, 0, 0,
	0, 0, 0, 0, 0, 0, 0, 0, 0, 0, 0, 0, 0, 0, 0, 0, 0, 0,
	0, 0, 0, 0, 0, 0, 0, 0, 0, 0, 0, 0, 0, 0, 0, 0, 0, 0,
	0, 0, 0, 0, 0, 0, 0, 0, 0, 0, 0, 0, 0, 0, 0, 0, 0, 0,
	0, 0, 0, 0, 0, 0, 0, 0, 0, 0, 0, 0, 0, 0, 0, 0, 0, 0,
	0, 0, 0, 0, 0, 0, 0, 0, 0, 0, 0, 0, 0, 0, 0, 0, 0, 0,
	0, 0, 0, 0, 0, 0, 0, 0, 0, 0, 0, 0, 0, 0, 0, 0, 0, 0,
	0, 0, 0, 0, 0, 0, 0, 0, 0, 0, 0, 0, 0, 0, 0, 0, 0, 0,
	0, 0, 0, 0, 0, 0, 0, 0, 0, 0, 0, 0, 0, 0, 0, 0, 0, 0,
	0, 0, 0, 0, 0, 0, 0, 0, 0, 0, 0, 0, 0, 0, 0, 0, 0, 0,
	0, 0, 0, 0, 0, 0, 0, 0, 0, 0, 0, 0, 0, 0, 0, 0, 0, 0,
	0, 0, 0, 0, 0, 0, 0, 0, 0, 0, 0, 0, 0, 0, 0, 0, 0, 0,
	0, 0, 0, 0, 0, 0, 0, 0, 0, 0, 0, 0, 0, 0, 0, 0, 0, 0,
	0, 0, 0, 0, 0, 0, 0, 0, 0, 0, 0, 0, 0, 0, 0, 0, 0, 0,
	0, 0, 0, 0, 0, 0, 0, 0, 0, 0, 0, 0, 0, 0, 0, 0, 0, 0,
	0, 0, 0, 0, 0, 0, 0, 0, 0, 0, 0, 0, 0, 0, 0, 0, 0, 0,
	0, 0, 0, 0, 0, 0, 0, 0, 0, 0, 0, 0, 0, 0, 0, 0, 0, 0,
	0, 0, 0, 0, 0, 0, 0, 0, 0, 0, 0, 0, 0, 0, 0, 0, 0, 0,
	0, 0, 0, 0, 0, 0, 0, 0, 0, 0, 0, 0, 0, 0, 0, 0, 0, 0,
	0, 0, 0, 0, 0, 0, 0, 0, 0, 0, 0, 0, 0, 0, 0, 0, 0, 0,
	0, 0, 0, 0, 0, 0, 0, 0, 0, 0, 0, 0, 0, 0, 0, 0, 0, 0,
	0, 0, 0, 0, 0, 0, 0, 0, 0, 0, 0, 0, 0, 0, 0, 0, 0, 0,
	0, 0, 0, 0, 0, 0, 0, 0, 0, 0, 0, 0, 0, 0, 0, 0, 0, 0,
	0, 0, 0, 0, 0, 0, 0, 0, 0, 0, 0, 0, 0, 0, 0, 0, 0, 0,
	0, 0, 0, 0, 0, 0, 0, 0, 0, 0, 0, 0, 0, 0, 0, 0, 0, 0,
	0, 0, 0, 0, 0, 0, 0, 0, 0, 0, 0, 0, 0, 0, 0, 0, 0, 0,
	0, 0, 0, 0, 0, 0, 0, 0, 0, 0, 0, 0, 0, 0, 0, 0, 0, 0,
	0, 0, 0, 0, 0, 0, 0, 0, 0, 0, 0, 0, 0, 0, 0, 0, 0, 0,
	0, 0, 0, 0, 0, 0, 0, 0, 0, 0, 0, 0, 0, 0, 0, 0, 0, 0,
}
U3_JITTER_Upper = {
	80, 80, 80, 80, 80, 80, 80, 80, 80, 80, 80, 80, 80, 80, 80, 80, 80, 80,
	80, 80, 80, 80, 80, 80, 80, 80, 80, 80, 80, 80, 80, 80, 80, 80, 80, 80,
	80, 80, 80, 80, 80, 80, 80, 80, 80, 80, 80, 80, 80, 80, 80, 80, 80, 80,
	80, 80, 80, 80, 80, 80, 80, 80, 80, 80, 80, 80, 80, 80, 80, 80, 80, 80,
	80, 80, 80, 80, 80, 80, 80, 80, 80, 80, 80, 80, 80, 80, 80, 80, 80, 80,
	80, 80, 80, 80, 80, 80, 80, 80, 80, 80, 80, 80, 80, 80, 80, 80, 80, 80,
	80, 80, 80, 80, 80, 80, 80, 80, 80, 80, 80, 80, 80, 80, 80, 80, 80, 80,
	80, 80, 80, 80, 80, 80, 80, 80, 80, 80, 80, 80, 80, 80, 80, 80, 80, 80,
	80, 80, 80, 80, 80, 80, 80, 80, 80, 80, 80, 80, 80, 80, 80, 80, 80, 80,
	80, 80, 80, 80, 80, 80, 80, 80, 80, 80, 80, 80, 80, 80, 80, 80, 80, 80,
	80, 80, 80, 80, 80, 80, 80, 80, 80, 80, 80, 80, 80, 80, 80, 80, 80, 80,
	80, 80, 80, 80, 80, 80, 80, 80, 80, 80, 80, 80, 80, 80, 80, 80, 80, 80,
	80, 80, 80, 80, 80, 80, 80, 80, 80, 80, 80, 80, 80, 80, 80, 80, 80, 80,
	80, 80, 80, 80, 80, 80, 80, 80, 80, 80, 80, 80, 80, 80, 80, 80, 80, 80,
	80, 80, 80, 80, 80, 80, 80, 80, 80, 80, 80, 80, 80, 80, 80, 80, 80, 80,
	80, 80, 80, 80, 80, 80, 80, 80, 80, 80, 80, 80, 80, 80, 80, 80, 80, 80,
	80, 80, 80, 80, 80, 80, 80, 80, 80, 80, 80, 80, 80, 80, 80, 80, 80, 80,
	80, 80, 80, 80, 80, 80, 80, 80, 80, 80, 80, 80, 80, 80, 80, 80, 80, 80,
	80, 80, 80, 80, 80, 80, 80, 80, 80, 80, 80, 80, 80, 80, 80, 80, 80, 80,
	80, 80, 80, 80, 80, 80, 80, 80, 80, 80, 80, 80, 80, 80, 80, 80, 80, 80,
	80, 80, 80, 80, 80, 80, 80, 80, 80, 80, 80, 80, 80, 80, 80, 80, 80, 80,
	80, 80, 80, 80, 80, 80, 80, 80, 80, 80, 80, 80, 80, 80, 80, 80, 80, 80,
	80, 80, 80, 80, 80, 80, 80, 80, 80, 80, 80, 80, 80, 80, 80, 80, 80, 80,
	80, 80, 80, 80, 80, 80, 80, 80, 80, 80, 80, 80, 80, 80, 80, 80, 80, 80,
	80, 80, 80, 80, 80, 80, 80, 80, 80, 80, 80, 80, 80, 80, 80, 80, 80, 80,
	80, 80, 80, 80, 80, 80, 80, 80, 80, 80, 80, 80, 80, 80, 80, 80, 80, 80,
	80, 80, 80, 80, 80, 80, 80, 80, 80, 80, 80, 80, 80, 80, 80, 80, 80, 80,
	80, 80, 80, 80, 80, 80, 80, 80, 80, 80, 80, 80, 80, 80, 80, 80, 80, 80,
	80, 80, 80, 80, 80, 80, 80, 80, 80, 80, 80, 80, 80, 80, 80, 80, 80, 80,
	80, 80, 80, 80, 80, 80, 80, 80, 80, 80, 80, 80, 80, 80, 80, 80, 80, 80,
	80, 80, 80, 80, 80, 80, 80, 80, 80, 80, 80, 80, 80, 80, 80, 80, 80, 80,
	80, 80, 80, 80, 80, 80, 80, 80, 80, 80, 80, 80, 80, 80, 80, 80, 80, 80,
}
AVERAGE_JITTER = {
	50, 50, 50, 50, 50, 50, 50, 50, 50, 50, 50, 50, 50, 50, 50, 50, 50, 50,
	50, 50, 50, 50, 50, 50, 50, 50, 50, 50, 50, 50, 50, 50, 50, 50, 50, 50,
	50, 50, 50, 50, 50, 50, 50, 50, 50, 50, 50, 50, 50, 50, 50, 50, 50, 50,
	50, 50, 50, 50, 50, 50, 50, 50, 50, 50, 50, 50, 50, 50, 50, 50, 50, 50,
	50, 50, 50, 50, 50, 50, 50, 50, 50, 50, 50, 50, 50, 50, 50, 50, 50, 50,
	50, 50, 50, 50, 50, 50, 50, 50, 50, 50, 50, 50, 50, 50, 50, 50, 50, 50,
	50, 50, 50, 50, 50, 50, 50, 50, 50, 50, 50, 50, 50, 50, 50, 50, 50, 50,
	50, 50, 50, 50, 50, 50, 50, 50, 50, 50, 50, 50, 50, 50, 50, 50, 50, 50,
	50, 50, 50, 50, 50, 50, 50, 50, 50, 50, 50, 50, 50, 50, 50, 50, 50, 50,
	50, 50, 50, 50, 50, 50, 50, 50, 50, 50, 50, 50, 50, 50, 50, 50, 50, 50,
	50, 50, 50, 50, 50, 50, 50, 50, 50, 50, 50, 50, 50, 50, 50, 50, 50, 50,
	50, 50, 50, 50, 50, 50, 50, 50, 50, 50, 50, 50, 50, 50, 50, 50, 50, 50,
	50, 50, 50, 50, 50, 50, 50, 50, 50, 50, 50, 50, 50, 50, 50, 50, 50, 50,
	50, 50, 50, 50, 50, 50, 50, 50, 50, 50, 50, 50, 50, 50, 50, 50, 50, 50,
	50, 50, 50, 50, 50, 50, 50, 50, 50, 50, 50, 50, 50, 50, 50, 50, 50, 50,
	50, 50, 50, 50, 50, 50, 50, 50, 50, 50, 50, 50, 50, 50, 50, 50, 50, 50,
	50, 50, 50, 50, 50, 50, 50, 50, 50, 50, 50, 50, 50, 50, 50, 50, 50, 50,
	50, 50, 50, 50, 50, 50, 50, 50, 50, 50, 50, 50, 50, 50, 50, 50, 50, 50,
	50, 50, 50, 50, 50, 50, 50, 50, 50, 50, 50, 50, 50, 50, 50, 50, 50, 50,
	50, 50, 50, 50, 50, 50, 50, 50, 50, 50, 50, 50, 50, 50, 50, 50, 50, 50,
	50, 50, 50, 50, 50, 50, 50, 50, 50, 50, 50, 50, 50, 50, 50, 50, 50, 50,
	50, 50, 50, 50, 50, 50, 50, 50, 50, 50, 50, 50, 50, 50, 50, 50, 50, 50,
	50, 50, 50, 50, 50, 50, 50, 50, 50, 50, 50, 50, 50, 50, 50, 50, 50, 50,
	50, 50, 50, 50, 50, 50, 50, 50, 50, 50, 50, 50, 50, 50, 50, 50, 50, 50,
	50, 50, 50, 50, 50, 50, 50, 50, 50, 50, 50, 50, 50, 50, 50, 50, 50, 50,
	50, 50, 50, 50, 50, 50, 50, 50, 50, 50, 50, 50, 50, 50, 50, 50, 50, 50,
	50, 50, 50, 50, 50, 50, 50, 50, 50, 50, 50, 50, 50, 50, 50, 50, 50, 50,
	50, 50, 50, 50, 50, 50, 50, 50, 50, 50, 50, 50, 50, 50, 50, 50, 50, 50,
	50, 50, 50, 50, 50, 50, 50, 50, 50, 50, 50, 50, 50, 50, 50, 50, 50, 50,
	50, 50, 50, 50, 50, 50, 50, 50, 50, 50, 50, 50, 50, 50, 50, 50, 50, 50,
	50, 50, 50, 50, 50, 50, 50, 50, 50, 50, 50, 50, 50, 50, 50, 50, 50, 50,
	50, 50, 50, 50, 50, 50, 50, 50, 50, 50, 50, 50, 50, 50, 50, 50, 50, 50,
}
