U3_M2_Lower = {
	3350, 3350, 3350, 3350, 3350, 3350, 3350, 3350, 3350, 3350, 3350, 3350, 3350, 3350, 3350, 3350, 3350, 3350,
	3350, 3350, 3350, 3350, 3350, 3350, 3350, 3350, 3350, 3350, 3350, 3350, 3350, 3350, 3350, 3350, 3350, 3350,
	3350, 3350, 3350, 3350, 3350, 3350, 3350, 3350, 3350, 3350, 3350, 3350, 3350, 3350, 3350, 3350, 3350, 3350,
	3350, 3350, 3350, 3350, 3350, 3350, 3350, 3350, 3350, 3350, 3350, 3350, 3350, 3350, 3350, 3350, 3350, 3350,
	3350, 3350, 3350, 3350, 3350, 3350, 3350, 3350, 3350, 3350, 3350, 3350, 3350, 3350, 3350, 3350, 3350, 3350,
	3350, 3350, 3350, 3350, 3350, 3350, 3350, 3350, 3350, 3350, 3350, 3350, 3350, 3350, 3350, 3350, 3350, 3350,
	3350, 3350, 3350, 3350, 3350, 3350, 3350, 3350, 3350, 3350, 3350, 3350, 3350, 3350, 3350, 3350, 3350, 3350,
	3350, 3350, 3350, 3350, 3350, 3350, 3350, 3350, 3350, 3350, 3350, 3350, 3350, 3350, 3350, 3350, 3350, 3350,
	3350, 3350, 3350, 3350, 3350, 3350, 3350, 3350, 3350, 3350, 3350, 3350, 3350, 3350, 3350, 3350, 3350, 3350,
	3350, 3350, 3350, 3350, 3350, 3350, 3350, 3350, 3350, 3350, 3350, 3350, 3350, 3350, 3350, 3350, 3350, 3350,
	3350, 3350, 3350, 3350, 3350, 3350, 3350, 3350, 3350, 3350, 3350, 3350, 3350, 3350, 3350, 3350, 3350, 3350,
	3350, 3350, 3350, 3350, 3350, 3350, 3350, 3350, 3350, 3350, 3350, 3350, 3350, 3350, 3350, 3350, 3350, 3350,
	3350, 3350, 3350, 3350, 3350, 3350, 3350, 3350, 3350, 3350, 3350, 3350, 3350, 3350, 3350, 3350, 3350, 3350,
	3350, 3350, 3350, 3350, 3350, 3350, 3350, 3350, 3350, 3350, 3350, 3350, 3350, 3350, 3350, 3350, 3350, 3350,
	3350, 3350, 3350, 3350, 3350, 3350, 3350, 3350, 3350, 3350, 3350, 3350, 3350, 3350, 3350, 3350, 3350, 3350,
	3350, 3350, 3350, 3350, 3350, 3350, 3350, 3350, 3350, 3350, 3350, 3350, 3350, 3350, 3350, 3350, 3350, 3350,
	3350, 3350, 3350, 3350, 3350, 3350, 3350, 3350, 3350, 3350, 3350, 3350, 3350, 3350, 3350, 3350, 3350, 3350,
	3350, 3350, 3350, 3350, 3350, 3350, 3350, 3350, 3350, 3350, 3350, 3350, 3350, 3350, 3350, 3350, 3350, 3350,
	3350, 3350, 3350, 3350, 3350, 3350, 3350, 3350, 3350, 3350, 3350, 3350, 3350, 3350, 3350, 3350, 3350, 3350,
	3350, 3350, 3350, 3350, 3350, 3350, 3350, 3350, 3350, 3350, 3350, 3350, 3350, 3350, 3350, 3350, 3350, 3350,
	3350, 3350, 3350, 3350, 3350, 3350, 3350, 3350, 3350, 3350, 3350, 3350, 3350, 3350, 3350, 3350, 3350, 3350,
	3350, 3350, 3350, 3350, 3350, 3350, 3350, 3350, 3350, 3350, 3350, 3350, 3350, 3350, 3350, 3350, 3350, 3350,
	3350, 3350, 3350, 3350, 3350, 3350, 3350, 3350, 3350, 3350, 3350, 3350, 3350, 3350, 3350, 3350, 3350, 3350,
	3350, 3350, 3350, 3350, 3350, 3350, 3350, 3350, 3350, 3350, 3350, 3350, 3350, 3350, 3350, 3350, 3350, 3350,
	3350, 3350, 3350, 3350, 3350, 3350, 3350, 3350, 3350, 3350, 3350, 3350, 3350, 3350, 3350, 3350, 3350, 3350,
	3350, 3350, 3350, 3350, 3350, 3350, 3350, 3350, 3350, 3350, 3350, 3350, 3350, 3350, 3350, 3350, 3350, 3350,
	3350, 3350, 3350, 3350, 3350, 3350, 3350, 3350, 3350, 3350, 3350, 3350, 3350, 3350, 3350, 3350, 3350, 3350,
	3350, 3350, 3350, 3350, 3350, 3350, 3350, 3350, 3350, 3350, 3350, 3350, 3350, 3350, 3350, 3350, 3350, 3350,
	3350, 3350, 3350, 3350, 3350, 3350, 3350, 3350, 3350, 3350, 3350, 3350, 3350, 3350, 3350, 3350, 3350, 3350,
	3350, 3350, 3350, 3350, 3350, 3350, 3350, 3350, 3350, 3350, 3350, 3350, 3350, 3350, 3350, 3350, 3350, 3350,
	3350, 3350, 3350, 3350, 3350, 3350, 3350, 3350, 3350, 3350, 3350, 3350, 3350, 3350, 3350, 3350, 3350, 3350,
	3350, 3350, 3350, 3350, 3350, 3350, 3350, 3350, 3350, 3350, 3350, 3350, 3350, 3350, 3350, 3350, 3350, 3350,
}
U3_M2_Upper = {
	5050, 5050, 5050, 5050, 5050, 5050, 5050, 5050, 5050, 5050, 5050, 5050, 5050, 5050, 5050, 5050, 5050, 5050,
	5050, 5050, 5050, 5050, 5050, 5050, 5050, 5050, 5050, 5050, 5050, 5050, 5050, 5050, 5050, 5050, 5050, 5050,
	5050, 5050, 5050, 5050, 5050, 5050, 5050, 5050, 5050, 5050, 5050, 5050, 5050, 5050, 5050, 5050, 5050, 5050,
	5050, 5050, 5050, 5050, 5050, 5050, 5050, 5050, 5050, 5050, 5050, 5050, 5050, 5050, 5050, 5050, 5050, 5050,
	5050, 5050, 5050, 5050, 5050, 5050, 5050, 5050, 5050, 5050, 5050, 5050, 5050, 5050, 5050, 5050, 5050, 5050,
	5050, 5050, 5050, 5050, 5050, 5050, 5050, 5050, 5050, 5050, 5050, 5050, 5050, 5050, 5050, 5050, 5050, 5050,
	5050, 5050, 5050, 5050, 5050, 5050, 5050, 5050, 5050, 5050, 5050, 5050, 5050, 5050, 5050, 5050, 5050, 5050,
	5050, 5050, 5050, 5050, 5050, 5050, 5050, 5050, 5050, 5050, 5050, 5050, 5050, 5050, 5050, 5050, 5050, 5050,
	5050, 5050, 5050, 5050, 5050, 5050, 5050, 5050, 5050, 5050, 5050, 5050, 5050, 5050, 5050, 5050, 5050, 5050,
	5050, 5050, 5050, 5050, 5050, 5050, 5050, 5050, 5050, 5050, 5050, 5050, 5050, 5050, 5050, 5050, 5050, 5050,
	5050, 5050, 5050, 5050, 5050, 5050, 5050, 5050, 5050, 5050, 5050, 5050, 5050, 5050, 5050, 5050, 5050, 5050,
	5050, 5050, 5050, 5050, 5050, 5050, 5050, 5050, 5050, 5050, 5050, 5050, 5050, 5050, 5050, 5050, 5050, 5050,
	5050, 5050, 5050, 5050, 5050, 5050, 5050, 5050, 5050, 5050, 5050, 5050, 5050, 5050, 5050, 5050, 5050, 5050,
	5050, 5050, 5050, 5050, 5050, 5050, 5050, 5050, 5050, 5050, 5050, 5050, 5050, 5050, 5050, 5050, 5050, 5050,
	5050, 5050, 5050, 5050, 5050, 5050, 5050, 5050, 5050, 5050, 5050, 5050, 5050, 5050, 5050, 5050, 5050, 5050,
	5050, 5050, 5050, 5050, 5050, 5050, 5050, 5050, 5050, 5050, 5050, 5050, 5050, 5050, 5050, 5050, 5050, 5050,
	5050, 5050, 5050, 5050, 5050, 5050, 5050, 5050, 5050, 5050, 5050, 5050, 5050, 5050, 5050, 5050, 5050, 5050,
	5050, 5050, 5050, 5050, 5050, 5050, 5050, 5050, 5050, 5050, 5050, 5050, 5050, 5050, 5050, 5050, 5050, 5050,
	5050, 5050, 5050, 5050, 5050, 5050, 5050, 5050, 5050, 5050, 5050, 5050, 5050, 5050, 5050, 5050, 5050, 5050,
	5050, 5050, 5050, 5050, 5050, 5050, 5050, 5050, 5050, 5050, 5050, 5050, 5050, 5050, 5050, 5050, 5050, 5050,
	5050, 5050, 5050, 5050, 5050, 5050, 5050, 5050, 5050, 5050, 5050, 5050, 5050, 5050, 5050, 5050, 5050, 5050,
	5050, 5050, 5050, 5050, 5050, 5050, 5050, 5050, 5050, 5050, 5050, 5050, 5050, 5050, 5050, 5050, 5050, 5050,
	5050, 5050, 5050, 5050, 5050, 5050, 5050, 5050, 5050, 5050, 5050, 5050, 5050, 5050, 5050, 5050, 5050, 5050,
	5050, 5050, 5050, 5050, 5050, 5050, 5050, 5050, 5050, 5050, 5050, 5050, 5050, 5050, 5050, 5050, 5050, 5050,
	5050, 5050, 5050, 5050, 5050, 5050, 5050, 5050, 5050, 5050, 5050, 5050, 5050, 5050, 5050, 5050, 5050, 5050,
	5050, 5050, 5050, 5050, 5050, 5050, 5050, 5050, 5050, 5050, 5050, 5050, 5050, 5050, 5050, 5050, 5050, 5050,
	5050, 5050, 5050, 5050, 5050, 5050, 5050, 5050, 5050, 5050, 5050, 5050, 5050, 5050, 5050, 5050, 5050, 5050,
	5050, 5050, 5050, 5050, 5050, 5050, 5050, 5050, 5050, 5050, 5050, 5050, 5050, 5050, 5050, 5050, 5050, 5050,
	5050, 5050, 5050, 5050, 5050, 5050, 5050, 5050, 5050, 5050, 5050, 5050, 5050, 5050, 5050, 5050, 5050, 5050,
	5050, 5050, 5050, 5050, 5050, 5050, 5050, 5050, 5050, 5050, 5050, 5050, 5050, 5050, 5050, 5050, 5050, 5050,
	5050, 5050, 5050, 5050, 5050, 5050, 5050, 5050, 5050, 5050, 5050, 5050, 5050, 5050, 5050, 5050, 5050, 5050,
	5050, 5050, 5050, 5050, 5050, 5050, 5050, 5050, 5050, 5050, 5050, 5050, 5050, 5050, 5050, 5050, 5050, 5050,
}
U0_M2_Lower = {
	3050, 3050, 3050, 3050, 3050, 3050, 3050, 3050, 3050, 3050, 3050, 3050, 3050, 3050, 3050, 3050, 3050, 3050,
	3050, 3050, 3050, 3050, 3050, 3050, 3050, 3050, 3050, 3050, 3050, 3050, 3050, 3050, 3050, 3050, 3050, 3050,
	3050, 3050, 3050, 3050, 3050, 3050, 3050, 3050, 3050, 3050, 3050, 3050, 3050, 3050, 3050, 3050, 3050, 3050,
	3050, 3050, 3050, 3050, 3050, 3050, 3050, 3050, 3050, 3050, 3050, 3050, 3050, 3050, 3050, 3050, 3050, 3050,
	3050, 3050, 3050, 3050, 3050, 3050, 3050, 3050, 3050, 3050, 3050, 3050, 3050, 3050, 3050, 3050, 3050, 3050,
	3050, 3050, 3050, 3050, 3050, 3050, 3050, 3050, 3050, 3050, 3050, 3050, 3050, 3050, 3050, 3050, 3050, 3050,
	3050, 3050, 3050, 3050, 3050, 3050, 3050, 3050, 3050, 3050, 3050, 3050, 3050, 3050, 3050, 3050, 3050, 3050,
	3050, 3050, 3050, 3050, 3050, 3050, 3050, 3050, 3050, 3050, 3050, 3050, 3050, 3050, 3050, 3050, 3050, 3050,
	3050, 3050, 3050, 3050, 3050, 3050, 3050, 3050, 3050, 3050, 3050, 3050, 3050, 3050, 3050, 3050, 3050, 3050,
	3050, 3050, 3050, 3050, 3050, 3050, 3050, 3050, 3050, 3050, 3050, 3050, 3050, 3050, 3050, 3050, 3050, 3050,
	3050, 3050, 3050, 3050, 3050, 3050, 3050, 3050, 3050, 3050, 3050, 3050, 3050, 3050, 3050, 3050, 3050, 3050,
	3050, 3050, 3050, 3050, 3050, 3050, 3050, 3050, 3050, 3050, 3050, 3050, 3050, 3050, 3050, 3050, 3050, 3050,
	3050, 3050, 3050, 3050, 3050, 3050, 3050, 3050, 3050, 3050, 3050, 3050, 3050, 3050, 3050, 3050, 3050, 3050,
	3050, 3050, 3050, 3050, 3050, 3050, 3050, 3050, 3050, 3050, 3050, 3050, 3050, 3050, 3050, 3050, 3050, 3050,
	3050, 3050, 3050, 3050, 3050, 3050, 3050, 3050, 3050, 3050, 3050, 3050, 3050, 3050, 3050, 3050, 3050, 3050,
	3050, 3050, 3050, 3050, 3050, 3050, 3050, 3050, 3050, 3050, 3050, 3050, 3050, 3050, 3050, 3050, 3050, 3050,
	3050, 3050, 3050, 3050, 3050, 3050, 3050, 3050, 3050, 3050, 3050, 3050, 3050, 3050, 3050, 3050, 3050, 3050,
	3050, 3050, 3050, 3050, 3050, 3050, 3050, 3050, 3050, 3050, 3050, 3050, 3050, 3050, 3050, 3050, 3050, 3050,
	3050, 3050, 3050, 3050, 3050, 3050, 3050, 3050, 3050, 3050, 3050, 3050, 3050, 3050, 3050, 3050, 3050, 3050,
	3050, 3050, 3050, 3050, 3050, 3050, 3050, 3050, 3050, 3050, 3050, 3050, 3050, 3050, 3050, 3050, 3050, 3050,
	3050, 3050, 3050, 3050, 3050, 3050, 3050, 3050, 3050, 3050, 3050, 3050, 3050, 3050, 3050, 3050, 3050, 3050,
	3050, 3050, 3050, 3050, 3050, 3050, 3050, 3050, 3050, 3050, 3050, 3050, 3050, 3050, 3050, 3050, 3050, 3050,
	3050, 3050, 3050, 3050, 3050, 3050, 3050, 3050, 3050, 3050, 3050, 3050, 3050, 3050, 3050, 3050, 3050, 3050,
	3050, 3050, 3050, 3050, 3050, 3050, 3050, 3050, 3050, 3050, 3050, 3050, 3050, 3050, 3050, 3050, 3050, 3050,
	3050, 3050, 3050, 3050, 3050, 3050, 3050, 3050, 3050, 3050, 3050, 3050, 3050, 3050, 3050, 3050, 3050, 3050,
	3050, 3050, 3050, 3050, 3050, 3050, 3050, 3050, 3050, 3050, 3050, 3050, 3050, 3050, 3050, 3050, 3050, 3050,
	3050, 3050, 3050, 3050, 3050, 3050, 3050, 3050, 3050, 3050, 3050, 3050, 3050, 3050, 3050, 3050, 3050, 3050,
	3050, 3050, 3050, 3050, 3050, 3050, 3050, 3050, 3050, 3050, 3050, 3050, 3050, 3050, 3050, 3050, 3050, 3050,
	3050, 3050, 3050, 3050, 3050, 3050, 3050, 3050, 3050, 3050, 3050, 3050, 3050, 3050, 3050, 3050, 3050, 3050,
	3050, 3050, 3050, 3050, 3050, 3050, 3050, 3050, 3050, 3050, 3050, 3050, 3050, 3050, 3050, 3050, 3050, 3050,
	3050, 3050, 3050, 3050, 3050, 3050, 3050, 3050, 3050, 3050, 3050, 3050, 3050, 3050, 3050, 3050, 3050, 3050,
	3050, 3050, 3050, 3050, 3050, 3050, 3050, 3050, 3050, 3050, 3050, 3050, 3050, 3050, 3050, 3050, 3050, 3050,
}
U0_M2_Upper = {
	5050, 5050, 5050, 5050, 5050, 5050, 5050, 5050, 5050, 5050, 5050, 5050, 5050, 5050, 5050, 5050, 5050, 5050,
	5050, 5050, 5050, 5050, 5050, 5050, 5050, 5050, 5050, 5050, 5050, 5050, 5050, 5050, 5050, 5050, 5050, 5050,
	5050, 5050, 5050, 5050, 5050, 5050, 5050, 5050, 5050, 5050, 5050, 5050, 5050, 5050, 5050, 5050, 5050, 5050,
	5050, 5050, 5050, 5050, 5050, 5050, 5050, 5050, 5050, 5050, 5050, 5050, 5050, 5050, 5050, 5050, 5050, 5050,
	5050, 5050, 5050, 5050, 5050, 5050, 5050, 5050, 5050, 5050, 5050, 5050, 5050, 5050, 5050, 5050, 5050, 5050,
	5050, 5050, 5050, 5050, 5050, 5050, 5050, 5050, 5050, 5050, 5050, 5050, 5050, 5050, 5050, 5050, 5050, 5050,
	5050, 5050, 5050, 5050, 5050, 5050, 5050, 5050, 5050, 5050, 5050, 5050, 5050, 5050, 5050, 5050, 5050, 5050,
	5050, 5050, 5050, 5050, 5050, 5050, 5050, 5050, 5050, 5050, 5050, 5050, 5050, 5050, 5050, 5050, 5050, 5050,
	5050, 5050, 5050, 5050, 5050, 5050, 5050, 5050, 5050, 5050, 5050, 5050, 5050, 5050, 5050, 5050, 5050, 5050,
	5050, 5050, 5050, 5050, 5050, 5050, 5050, 5050, 5050, 5050, 5050, 5050, 5050, 5050, 5050, 5050, 5050, 5050,
	5050, 5050, 5050, 5050, 5050, 5050, 5050, 5050, 5050, 5050, 5050, 5050, 5050, 5050, 5050, 5050, 5050, 5050,
	5050, 5050, 5050, 5050, 5050, 5050, 5050, 5050, 5050, 5050, 5050, 5050, 5050, 5050, 5050, 5050, 5050, 5050,
	5050, 5050, 5050, 5050, 5050, 5050, 5050, 5050, 5050, 5050, 5050, 5050, 5050, 5050, 5050, 5050, 5050, 5050,
	5050, 5050, 5050, 5050, 5050, 5050, 5050, 5050, 5050, 5050, 5050, 5050, 5050, 5050, 5050, 5050, 5050, 5050,
	5050, 5050, 5050, 5050, 5050, 5050, 5050, 5050, 5050, 5050, 5050, 5050, 5050, 5050, 5050, 5050, 5050, 5050,
	5050, 5050, 5050, 5050, 5050, 5050, 5050, 5050, 5050, 5050, 5050, 5050, 5050, 5050, 5050, 5050, 5050, 5050,
	5050, 5050, 5050, 5050, 5050, 5050, 5050, 5050, 5050, 5050, 5050, 5050, 5050, 5050, 5050, 5050, 5050, 5050,
	5050, 5050, 5050, 5050, 5050, 5050, 5050, 5050, 5050, 5050, 5050, 5050, 5050, 5050, 5050, 5050, 5050, 5050,
	5050, 5050, 5050, 5050, 5050, 5050, 5050, 5050, 5050, 5050, 5050, 5050, 5050, 5050, 5050, 5050, 5050, 5050,
	5050, 5050, 5050, 5050, 5050, 5050, 5050, 5050, 5050, 5050, 5050, 5050, 5050, 5050, 5050, 5050, 5050, 5050,
	5050, 5050, 5050, 5050, 5050, 5050, 5050, 5050, 5050, 5050, 5050, 5050, 5050, 5050, 5050, 5050, 5050, 5050,
	5050, 5050, 5050, 5050, 5050, 5050, 5050, 5050, 5050, 5050, 5050, 5050, 5050, 5050, 5050, 5050, 5050, 5050,
	5050, 5050, 5050, 5050, 5050, 5050, 5050, 5050, 5050, 5050, 5050, 5050, 5050, 5050, 5050, 5050, 5050, 5050,
	5050, 5050, 5050, 5050, 5050, 5050, 5050, 5050, 5050, 5050, 5050, 5050, 5050, 5050, 5050, 5050, 5050, 5050,
	5050, 5050, 5050, 5050, 5050, 5050, 5050, 5050, 5050, 5050, 5050, 5050, 5050, 5050, 5050, 5050, 5050, 5050,
	5050, 5050, 5050, 5050, 5050, 5050, 5050, 5050, 5050, 5050, 5050, 5050, 5050, 5050, 5050, 5050, 5050, 5050,
	5050, 5050, 5050, 5050, 5050, 5050, 5050, 5050, 5050, 5050, 5050, 5050, 5050, 5050, 5050, 5050, 5050, 5050,
	5050, 5050, 5050, 5050, 5050, 5050, 5050, 5050, 5050, 5050, 5050, 5050, 5050, 5050, 5050, 5050, 5050, 5050,
	5050, 5050, 5050, 5050, 5050, 5050, 5050, 5050, 5050, 5050, 5050, 5050, 5050, 5050, 5050, 5050, 5050, 5050,
	5050, 5050, 5050, 5050, 5050, 5050, 5050, 5050, 5050, 5050, 5050, 5050, 5050, 5050, 5050, 5050, 5050, 5050,
	5050, 5050, 5050, 5050, 5050, 5050, 5050, 5050, 5050, 5050, 5050, 5050, 5050, 5050, 5050, 5050, 5050, 5050,
	5050, 5050, 5050, 5050, 5050, 5050, 5050, 5050, 5050, 5050, 5050, 5050, 5050, 5050, 5050, 5050, 5050, 5050,
}
U3_M2_JITTER_Lower = {
	0, 0, 0, 0, 0, 0, 0, 0, 0, 0, 0, 0, 0, 0, 0, 0, 0, 0,
	0, 0, 0, 0, 0, 0, 0, 0, 0, 0, 0, 0, 0, 0, 0, 0, 0, 0,
	0, 0, 0, 0, 0, 0, 0, 0, 0, 0, 0, 0, 0, 0, 0, 0, 0, 0,
	0, 0, 0, 0, 0, 0, 0, 0, 0, 0, 0, 0, 0, 0, 0, 0, 0, 0,
	0, 0, 0, 0, 0, 0, 0, 0, 0, 0, 0, 0, 0, 0, 0, 0, 0, 0,
	0, 0, 0, 0, 0, 0, 0, 0, 0, 0, 0, 0, 0, 0, 0, 0, 0, 0,
	0, 0, 0, 0, 0, 0, 0, 0, 0, 0, 0, 0, 0, 0, 0, 0, 0, 0,
	0, 0, 0, 0, 0, 0, 0, 0, 0, 0, 0, 0, 0, 0, 0, 0, 0, 0,
	0, 0, 0, 0, 0, 0, 0, 0, 0, 0, 0, 0, 0, 0, 0, 0, 0, 0,
	0, 0, 0, 0, 0, 0, 0, 0, 0, 0, 0, 0, 0, 0, 0, 0, 0, 0,
	0, 0, 0, 0, 0, 0, 0, 0, 0, 0, 0, 0, 0, 0, 0, 0, 0, 0,
	0, 0, 0, 0, 0, 0, 0, 0, 0, 0, 0, 0, 0, 0, 0, 0, 0, 0,
	0, 0, 0, 0, 0, 0, 0, 0, 0, 0, 0, 0, 0, 0, 0, 0, 0, 0,
	0, 0, 0, 0, 0, 0, 0, 0, 0, 0, 0, 0, 0, 0, 0, 0, 0, 0,
	0, 0, 0, 0, 0, 0, 0, 0, 0, 0, 0, 0, 0, 0, 0, 0, 0, 0,
	0, 0, 0, 0, 0, 0, 0, 0, 0, 0, 0, 0, 0, 0, 0, 0, 0, 0,
	0, 0, 0, 0, 0, 0, 0, 0, 0, 0, 0, 0, 0, 0, 0, 0, 0, 0,
	0, 0, 0, 0, 0, 0, 0, 0, 0, 0, 0, 0, 0, 0, 0, 0, 0, 0,
	0, 0, 0, 0, 0, 0, 0, 0, 0, 0, 0, 0, 0, 0, 0, 0, 0, 0,
	0, 0, 0, 0, 0, 0, 0, 0, 0, 0, 0, 0, 0, 0, 0, 0, 0, 0,
	0, 0, 0, 0, 0, 0, 0, 0, 0, 0, 0, 0, 0, 0, 0, 0, 0, 0,
	0, 0, 0, 0, 0, 0, 0, 0, 0, 0, 0, 0, 0, 0, 0, 0, 0, 0,
	0, 0, 0, 0, 0, 0, 0, 0, 0, 0, 0, 0, 0, 0, 0, 0, 0, 0,
	0, 0, 0, 0, 0, 0, 0, 0, 0, 0, 0, 0, 0, 0, 0, 0, 0, 0,
	0, 0, 0, 0, 0, 0, 0, 0, 0, 0, 0, 0, 0, 0, 0, 0, 0, 0,
	0, 0, 0, 0, 0, 0, 0, 0, 0, 0, 0, 0, 0, 0, 0, 0, 0, 0,
	0, 0, 0, 0, 0, 0, 0, 0, 0, 0, 0, 0, 0, 0, 0, 0, 0, 0,
	0, 0, 0, 0, 0, 0, 0, 0, 0, 0, 0, 0, 0, 0, 0, 0, 0, 0,
	0, 0, 0, 0, 0, 0, 0, 0, 0, 0, 0, 0, 0, 0, 0, 0, 0, 0,
	0, 0, 0, 0, 0, 0, 0, 0, 0, 0, 0, 0, 0, 0, 0, 0, 0, 0,
	0, 0, 0, 0, 0, 0, 0, 0, 0, 0, 0, 0, 0, 0, 0, 0, 0, 0,
	0, 0, 0, 0, 0, 0, 0, 0, 0, 0, 0, 0, 0, 0, 0, 0, 0, 0,
}
U3_M2_JITTER_Upper = {
	80, 80, 80, 80, 80, 80, 80, 80, 80, 80, 80, 80, 80, 80, 80, 80, 80, 80,
	80, 80, 80, 80, 80, 80, 80, 80, 80, 80, 80, 80, 80, 80, 80, 80, 80, 80,
	80, 80, 80, 80, 80, 80, 80, 80, 80, 80, 80, 80, 80, 80, 80, 80, 80, 80,
	80, 80, 80, 80, 80, 80, 80, 80, 80, 80, 80, 80, 80, 80, 80, 80, 80, 80,
	80, 80, 80, 80, 80, 80, 80, 80, 80, 80, 80, 80, 80, 80, 80, 80, 80, 80,
	80, 80, 80, 80, 80, 80, 80, 80, 80, 80, 80, 80, 80, 80, 80, 80, 80, 80,
	80, 80, 80, 80, 80, 80, 80, 80, 80, 80, 80, 80, 80, 80, 80, 80, 80, 80,
	80, 80, 80, 80, 80, 80, 80, 80, 80, 80, 80, 80, 80, 80, 80, 80, 80, 80,
	80, 80, 80, 80, 80, 80, 80, 80, 80, 80, 80, 80, 80, 80, 80, 80, 80, 80,
	80, 80, 80, 80, 80, 80, 80, 80, 80, 80, 80, 80, 80, 80, 80, 80, 80, 80,
	80, 80, 80, 80, 80, 80, 80, 80, 80, 80, 80, 80, 80, 80, 80, 80, 80, 80,
	80, 80, 80, 80, 80, 80, 80, 80, 80, 80, 80, 80, 80, 80, 80, 80, 80, 80,
	80, 80, 80, 80, 80, 80, 80, 80, 80, 80, 80, 80, 80, 80, 80, 80, 80, 80,
	80, 80, 80, 80, 80, 80, 80, 80, 80, 80, 80, 80, 80, 80, 80, 80, 80, 80,
	80, 80, 80, 80, 80, 80, 80, 80, 80, 80, 80, 80, 80, 80, 80, 80, 80, 80,
	80, 80, 80, 80, 80, 80, 80, 80, 80, 80, 80, 80, 80, 80, 80, 80, 80, 80,
	80, 80, 80, 80, 80, 80, 80, 80, 80, 80, 80, 80, 80, 80, 80, 80, 80, 80,
	80, 80, 80, 80, 80, 80, 80, 80, 80, 80, 80, 80, 80, 80, 80, 80, 80, 80,
	80, 80, 80, 80, 80, 80, 80, 80, 80, 80, 80, 80, 80, 80, 80, 80, 80, 80,
	80, 80, 80, 80, 80, 80, 80, 80, 80, 80, 80, 80, 80, 80, 80, 80, 80, 80,
	80, 80, 80, 80, 80, 80, 80, 80, 80, 80, 80, 80, 80, 80, 80, 80, 80, 80,
	80, 80, 80, 80, 80, 80, 80, 80, 80, 80, 80, 80, 80, 80, 80, 80, 80, 80,
	80, 80, 80, 80, 80, 80, 80, 80, 80, 80, 80, 80, 80, 80, 80, 80, 80, 80,
	80, 80, 80, 80, 80, 80, 80, 80, 80, 80, 80, 80, 80, 80, 80, 80, 80, 80,
	80, 80, 80, 80, 80, 80, 80, 80, 80, 80, 80, 80, 80, 80, 80, 80, 80, 80,
	80, 80, 80, 80, 80, 80, 80, 80, 80, 80, 80, 80, 80, 80, 80, 80, 80, 80,
	80, 80, 80, 80, 80, 80, 80, 80, 80, 80, 80, 80, 80, 80, 80, 80, 80, 80,
	80, 80, 80, 80, 80, 80, 80, 80, 80, 80, 80, 80, 80, 80, 80, 80, 80, 80,
	80, 80, 80, 80, 80, 80, 80, 80, 80, 80, 80, 80, 80, 80, 80, 80, 80, 80,
	80, 80, 80, 80, 80, 80, 80, 80, 80, 80, 80, 80, 80, 80, 80, 80, 80, 80,
	80, 80, 80, 80, 80, 80, 80, 80, 80, 80, 80, 80, 80, 80, 80, 80, 80, 80,
	80, 80, 80, 80, 80, 80, 80, 80, 80, 80, 80, 80, 80, 80, 80, 80, 80, 80,
}
U0_M2_JITTER_Lower = {
	0, 0, 0, 0, 0, 0, 0, 0, 0, 0, 0, 0, 0, 0, 0, 0, 0, 0,
	0, 0, 0, 0, 0, 0, 0, 0, 0, 0, 0, 0, 0, 0, 0, 0, 0, 0,
	0, 0, 0, 0, 0, 0, 0, 0, 0, 0, 0, 0, 0, 0, 0, 0, 0, 0,
	0, 0, 0, 0, 0, 0, 0, 0, 0, 0, 0, 0, 0, 0, 0, 0, 0, 0,
	0, 0, 0, 0, 0, 0, 0, 0, 0, 0, 0, 0, 0, 0, 0, 0, 0, 0,
	0, 0, 0, 0, 0, 0, 0, 0, 0, 0, 0, 0, 0, 0, 0, 0, 0, 0,
	0, 0, 0, 0, 0, 0, 0, 0, 0, 0, 0, 0, 0, 0, 0, 0, 0, 0,
	0, 0, 0, 0, 0, 0, 0, 0, 0, 0, 0, 0, 0, 0, 0, 0, 0, 0,
	0, 0, 0, 0, 0, 0, 0, 0, 0, 0, 0, 0, 0, 0, 0, 0, 0, 0,
	0, 0, 0, 0, 0, 0, 0, 0, 0, 0, 0, 0, 0, 0, 0, 0, 0, 0,
	0, 0, 0, 0, 0, 0, 0, 0, 0, 0, 0, 0, 0, 0, 0, 0, 0, 0,
	0, 0, 0, 0, 0, 0, 0, 0, 0, 0, 0, 0, 0, 0, 0, 0, 0, 0,
	0, 0, 0, 0, 0, 0, 0, 0, 0, 0, 0, 0, 0, 0, 0, 0, 0, 0,
	0, 0, 0, 0, 0, 0, 0, 0, 0, 0, 0, 0, 0, 0, 0, 0, 0, 0,
	0, 0, 0, 0, 0, 0, 0, 0, 0, 0, 0, 0, 0, 0, 0, 0, 0, 0,
	0, 0, 0, 0, 0, 0, 0, 0, 0, 0, 0, 0, 0, 0, 0, 0, 0, 0,
	0, 0, 0, 0, 0, 0, 0, 0, 0, 0, 0, 0, 0, 0, 0, 0, 0, 0,
	0, 0, 0, 0, 0, 0, 0, 0, 0, 0, 0, 0, 0, 0, 0, 0, 0, 0,
	0, 0, 0, 0, 0, 0, 0, 0, 0, 0, 0, 0, 0, 0, 0, 0, 0, 0,
	0, 0, 0, 0, 0, 0, 0, 0, 0, 0, 0, 0, 0, 0, 0, 0, 0, 0,
	0, 0, 0, 0, 0, 0, 0, 0, 0, 0, 0, 0, 0, 0, 0, 0, 0, 0,
	0, 0, 0, 0, 0, 0, 0, 0, 0, 0, 0, 0, 0, 0, 0, 0, 0, 0,
	0, 0, 0, 0, 0, 0, 0, 0, 0, 0, 0, 0, 0, 0, 0, 0, 0, 0,
	0, 0, 0, 0, 0, 0, 0, 0, 0, 0, 0, 0, 0, 0, 0, 0, 0, 0,
	0, 0, 0, 0, 0, 0, 0, 0, 0, 0, 0, 0, 0, 0, 0, 0, 0, 0,
	0, 0, 0, 0, 0, 0, 0, 0, 0, 0, 0, 0, 0, 0, 0, 0, 0, 0,
	0, 0, 0, 0, 0, 0, 0, 0, 0, 0, 0, 0, 0, 0, 0, 0, 0, 0,
	0, 0, 0, 0, 0, 0, 0, 0, 0, 0, 0, 0, 0, 0, 0, 0, 0, 0,
	0, 0, 0, 0, 0, 0, 0, 0, 0, 0, 0, 0, 0, 0, 0, 0, 0, 0,
	0, 0, 0, 0, 0, 0, 0, 0, 0, 0, 0, 0, 0, 0, 0, 0, 0, 0,
	0, 0, 0, 0, 0, 0, 0, 0, 0, 0, 0, 0, 0, 0, 0, 0, 0, 0,
	0, 0, 0, 0, 0, 0, 0, 0, 0, 0, 0, 0, 0, 0, 0, 0, 0, 0,
}
U0_M2_JITTER_Upper = {
	80, 80, 80, 80, 80, 80, 80, 80, 80, 80, 80, 80, 80, 80, 80, 80, 80, 80,
	80, 80, 80, 80, 80, 80, 80, 80, 80, 80, 80, 80, 80, 80, 80, 80, 80, 80,
	80, 80, 80, 80, 80, 80, 80, 80, 80, 80, 80, 80, 80, 80, 80, 80, 80, 80,
	80, 80, 80, 80, 80, 80, 80, 80, 80, 80, 80, 80, 80, 80, 80, 80, 80, 80,
	80, 80, 80, 80, 80, 80, 80, 80, 80, 80, 80, 80, 80, 80, 80, 80, 80, 80,
	80, 80, 80, 80, 80, 80, 80, 80, 80, 80, 80, 80, 80, 80, 80, 80, 80, 80,
	80, 80, 80, 80, 80, 80, 80, 80, 80, 80, 80, 80, 80, 80, 80, 80, 80, 80,
	80, 80, 80, 80, 80, 80, 80, 80, 80, 80, 80, 80, 80, 80, 80, 80, 80, 80,
	80, 80, 80, 80, 80, 80, 80, 80, 80, 80, 80, 80, 80, 80, 80, 80, 80, 80,
	80, 80, 80, 80, 80, 80, 80, 80, 80, 80, 80, 80, 80, 80, 80, 80, 80, 80,
	80, 80, 80, 80, 80, 80, 80, 80, 80, 80, 80, 80, 80, 80, 80, 80, 80, 80,
	80, 80, 80, 80, 80, 80, 80, 80, 80, 80, 80, 80, 80, 80, 80, 80, 80, 80,
	80, 80, 80, 80, 80, 80, 80, 80, 80, 80, 80, 80, 80, 80, 80, 80, 80, 80,
	80, 80, 80, 80, 80, 80, 80, 80, 80, 80, 80, 80, 80, 80, 80, 80, 80, 80,
	80, 80, 80, 80, 80, 80, 80, 80, 80, 80, 80, 80, 80, 80, 80, 80, 80, 80,
	80, 80, 80, 80, 80, 80, 80, 80, 80, 80, 80, 80, 80, 80, 80, 80, 80, 80,
	80, 80, 80, 80, 80, 80, 80, 80, 80, 80, 80, 80, 80, 80, 80, 80, 80, 80,
	80, 80, 80, 80, 80, 80, 80, 80, 80, 80, 80, 80, 80, 80, 80, 80, 80, 80,
	80, 80, 80, 80, 80, 80, 80, 80, 80, 80, 80, 80, 80, 80, 80, 80, 80, 80,
	80, 80, 80, 80, 80, 80, 80, 80, 80, 80, 80, 80, 80, 80, 80, 80, 80, 80,
	80, 80, 80, 80, 80, 80, 80, 80, 80, 80, 80, 80, 80, 80, 80, 80, 80, 80,
	80, 80, 80, 80, 80, 80, 80, 80, 80, 80, 80, 80, 80, 80, 80, 80, 80, 80,
	80, 80, 80, 80, 80, 80, 80, 80, 80, 80, 80, 80, 80, 80, 80, 80, 80, 80,
	80, 80, 80, 80, 80, 80, 80, 80, 80, 80, 80, 80, 80, 80, 80, 80, 80, 80,
	80, 80, 80, 80, 80, 80, 80, 80, 80, 80, 80, 80, 80, 80, 80, 80, 80, 80,
	80, 80, 80, 80, 80, 80, 80, 80, 80, 80, 80, 80, 80, 80, 80, 80, 80, 80,
	80, 80, 80, 80, 80, 80, 80, 80, 80, 80, 80, 80, 80, 80, 80, 80, 80, 80,
	80, 80, 80, 80, 80, 80, 80, 80, 80, 80, 80, 80, 80, 80, 80, 80, 80, 80,
	80, 80, 80, 80, 80, 80, 80, 80, 80, 80, 80, 80, 80, 80, 80, 80, 80, 80,
	80, 80, 80, 80, 80, 80, 80, 80, 80, 80, 80, 80, 80, 80, 80, 80, 80, 80,
	80, 80, 80, 80, 80, 80, 80, 80, 80, 80, 80, 80, 80, 80, 80, 80, 80, 80,
	80, 80, 80, 80, 80, 80, 80, 80, 80, 80, 80, 80, 80, 80, 80, 80, 80, 80,
}
U3_M2_DELTA_Lower = {
	0, 0, 0, 0, 0, 0, 0, 0, 0, 0, 0, 0, 0, 0, 0, 0, 0, 0,
	0, 0, 0, 0, 0, 0, 0, 0, 0, 0, 0, 0, 0, 0, 0, 0, 0, 0,
	0, 0, 0, 0, 0, 0, 0, 0, 0, 0, 0, 0, 0, 0, 0, 0, 0, 0,
	0, 0, 0, 0, 0, 0, 0, 0, 0, 0, 0, 0, 0, 0, 0, 0, 0, 0,
	0, 0, 0, 0, 0, 0, 0, 0, 0, 0, 0, 0, 0, 0, 0, 0, 0, 0,
	0, 0, 0, 0, 0, 0, 0, 0, 0, 0, 0, 0, 0, 0, 0, 0, 0, 0,
	0, 0, 0, 0, 0, 0, 0, 0, 0, 0, 0, 0, 0, 0, 0, 0, 0, 0,
	0, 0, 0, 0, 0, 0, 0, 0, 0, 0, 0, 0, 0, 0, 0, 0, 0, 0,
	0, 0, 0, 0, 0, 0, 0, 0, 0, 0, 0, 0, 0, 0, 0, 0, 0, 0,
	0, 0, 0, 0, 0, 0, 0, 0, 0, 0, 0, 0, 0, 0, 0, 0, 0, 0,
	0, 0, 0, 0, 0, 0, 0, 0, 0, 0, 0, 0, 0, 0, 0, 0, 0, 0,
	0, 0, 0, 0, 0, 0, 0, 0, 0, 0, 0, 0, 0, 0, 0, 0, 0, 0,
	0, 0, 0, 0, 0, 0, 0, 0, 0, 0, 0, 0, 0, 0, 0, 0, 0, 0,
	0, 0, 0, 0, 0, 0, 0, 0, 0, 0, 0, 0, 0, 0, 0, 0, 0, 0,
	0, 0, 0, 0, 0, 0, 0, 0, 0, 0, 0, 0, 0, 0, 0, 0, 0, 0,
	0, 0, 0, 0, 0, 0, 0, 0, 0, 0, 0, 0, 0, 0, 0, 0, 0, 0,
	0, 0, 0, 0, 0, 0, 0, 0, 0, 0, 0, 0, 0, 0, 0, 0, 0, 0,
	0, 0, 0, 0, 0, 0, 0, 0, 0, 0, 0, 0, 0, 0, 0, 0, 0, 0,
	0, 0, 0, 0, 0, 0, 0, 0, 0, 0, 0, 0, 0, 0, 0, 0, 0, 0,
	0, 0, 0, 0, 0, 0, 0, 0, 0, 0, 0, 0, 0, 0, 0, 0, 0, 0,
	0, 0, 0, 0, 0, 0, 0, 0, 0, 0, 0, 0, 0, 0, 0, 0, 0, 0,
	0, 0, 0, 0, 0, 0, 0, 0, 0, 0, 0, 0, 0, 0, 0, 0, 0, 0,
	0, 0, 0, 0, 0, 0, 0, 0, 0, 0, 0, 0, 0, 0, 0, 0, 0, 0,
	0, 0, 0, 0, 0, 0, 0, 0, 0, 0, 0, 0, 0, 0, 0, 0, 0, 0,
	0, 0, 0, 0, 0, 0, 0, 0, 0, 0, 0, 0, 0, 0, 0, 0, 0, 0,
	0, 0, 0, 0, 0, 0, 0, 0, 0, 0, 0, 0, 0, 0, 0, 0, 0, 0,
	0, 0, 0, 0, 0, 0, 0, 0, 0, 0, 0, 0, 0, 0, 0, 0, 0, 0,
	0, 0, 0, 0, 0, 0, 0, 0, 0, 0, 0, 0, 0, 0, 0, 0, 0, 0,
	0, 0, 0, 0, 0, 0, 0, 0, 0, 0, 0, 0, 0, 0, 0, 0, 0, 0,
	0, 0, 0, 0, 0, 0, 0, 0, 0, 0, 0, 0, 0, 0, 0, 0, 0, 0,
	0, 0, 0, 0, 0, 0, 0, 0, 0, 0, 0, 0, 0, 0, 0, 0, 0, 0,
	0, 0, 0, 0, 0, 0, 0, 0, 0, 0, 0, 0, 0, 0, 0, 0, 0, 0,
}
U3_M2_DELTA_Upper = {
	70, 70, 70, 70, 70, 70, 70, 70, 70, 70, 70, 70, 70, 70, 70, 70, 70, 70,
	70, 70, 70, 70, 70, 70, 70, 70, 70, 70, 70, 70, 70, 70, 70, 70, 70, 70,
	70, 70, 70, 70, 70, 70, 70, 70, 70, 70, 70, 70, 70, 70, 70, 70, 70, 70,
	70, 70, 70, 70, 70, 70, 70, 70, 70, 70, 70, 70, 70, 70, 70, 70, 70, 70,
	70, 70, 70, 70, 70, 70, 70, 70, 70, 70, 70, 70, 70, 70, 70, 70, 70, 70,
	70, 70, 70, 70, 70, 70, 70, 70, 70, 70, 70, 70, 70, 70, 70, 70, 70, 70,
	70, 70, 70, 70, 70, 70, 70, 70, 70, 70, 70, 70, 70, 70, 70, 70, 70, 70,
	70, 70, 70, 70, 70, 70, 70, 70, 70, 70, 70, 70, 70, 70, 70, 70, 70, 70,
	70, 70, 70, 70, 70, 70, 70, 70, 70, 70, 70, 70, 70, 70, 70, 70, 70, 70,
	70, 70, 70, 70, 70, 70, 70, 70, 70, 70, 70, 70, 70, 70, 70, 70, 70, 70,
	70, 70, 70, 70, 70, 70, 70, 70, 70, 70, 70, 70, 70, 70, 70, 70, 70, 70,
	70, 70, 70, 70, 70, 70, 70, 70, 70, 70, 70, 70, 70, 70, 70, 70, 70, 70,
	70, 70, 70, 70, 70, 70, 70, 70, 70, 70, 70, 70, 70, 70, 70, 70, 70, 70,
	70, 70, 70, 70, 70, 70, 70, 70, 70, 70, 70, 70, 70, 70, 70, 70, 70, 70,
	70, 70, 70, 70, 70, 70, 70, 70, 70, 70, 70, 70, 70, 70, 70, 70, 70, 70,
	70, 70, 70, 70, 70, 70, 70, 70, 70, 70, 70, 70, 70, 70, 70, 70, 70, 70,
	70, 70, 70, 70, 70, 70, 70, 70, 70, 70, 70, 70, 70, 70, 70, 70, 70, 70,
	70, 70, 70, 70, 70, 70, 70, 70, 70, 70, 70, 70, 70, 70, 70, 70, 70, 70,
	70, 70, 70, 70, 70, 70, 70, 70, 70, 70, 70, 70, 70, 70, 70, 70, 70, 70,
	70, 70, 70, 70, 70, 70, 70, 70, 70, 70, 70, 70, 70, 70, 70, 70, 70, 70,
	70, 70, 70, 70, 70, 70, 70, 70, 70, 70, 70, 70, 70, 70, 70, 70, 70, 70,
	70, 70, 70, 70, 70, 70, 70, 70, 70, 70, 70, 70, 70, 70, 70, 70, 70, 70,
	70, 70, 70, 70, 70, 70, 70, 70, 70, 70, 70, 70, 70, 70, 70, 70, 70, 70,
	70, 70, 70, 70, 70, 70, 70, 70, 70, 70, 70, 70, 70, 70, 70, 70, 70, 70,
	70, 70, 70, 70, 70, 70, 70, 70, 70, 70, 70, 70, 70, 70, 70, 70, 70, 70,
	70, 70, 70, 70, 70, 70, 70, 70, 70, 70, 70, 70, 70, 70, 70, 70, 70, 70,
	70, 70, 70, 70, 70, 70, 70, 70, 70, 70, 70, 70, 70, 70, 70, 70, 70, 70,
	70, 70, 70, 70, 70, 70, 70, 70, 70, 70, 70, 70, 70, 70, 70, 70, 70, 70,
	70, 70, 70, 70, 70, 70, 70, 70, 70, 70, 70, 70, 70, 70, 70, 70, 70, 70,
	70, 70, 70, 70, 70, 70, 70, 70, 70, 70, 70, 70, 70, 70, 70, 70, 70, 70,
	70, 70, 70, 70, 70, 70, 70, 70, 70, 70, 70, 70, 70, 70, 70, 70, 70, 70,
	70, 70, 70, 70, 70, 70, 70, 70, 70, 70, 70, 70, 70, 70, 70, 70, 70, 70,
}
U0_M2_DELTA_Lower = {
	0, 0, 0, 0, 0, 0, 0, 0, 0, 0, 0, 0, 0, 0, 0, 0, 0, 0,
	0, 0, 0, 0, 0, 0, 0, 0, 0, 0, 0, 0, 0, 0, 0, 0, 0, 0,
	0, 0, 0, 0, 0, 0, 0, 0, 0, 0, 0, 0, 0, 0, 0, 0, 0, 0,
	0, 0, 0, 0, 0, 0, 0, 0, 0, 0, 0, 0, 0, 0, 0, 0, 0, 0,
	0, 0, 0, 0, 0, 0, 0, 0, 0, 0, 0, 0, 0, 0, 0, 0, 0, 0,
	0, 0, 0, 0, 0, 0, 0, 0, 0, 0, 0, 0, 0, 0, 0, 0, 0, 0,
	0, 0, 0, 0, 0, 0, 0, 0, 0, 0, 0, 0, 0, 0, 0, 0, 0, 0,
	0, 0, 0, 0, 0, 0, 0, 0, 0, 0, 0, 0, 0, 0, 0, 0, 0, 0,
	0, 0, 0, 0, 0, 0, 0, 0, 0, 0, 0, 0, 0, 0, 0, 0, 0, 0,
	0, 0, 0, 0, 0, 0, 0, 0, 0, 0, 0, 0, 0, 0, 0, 0, 0, 0,
	0, 0, 0, 0, 0, 0, 0, 0, 0, 0, 0, 0, 0, 0, 0, 0, 0, 0,
	0, 0, 0, 0, 0, 0, 0, 0, 0, 0, 0, 0, 0, 0, 0, 0, 0, 0,
	0, 0, 0, 0, 0, 0, 0, 0, 0, 0, 0, 0, 0, 0, 0, 0, 0, 0,
	0, 0, 0, 0, 0, 0, 0, 0, 0, 0, 0, 0, 0, 0, 0, 0, 0, 0,
	0, 0, 0, 0, 0, 0, 0, 0, 0, 0, 0, 0, 0, 0, 0, 0, 0, 0,
	0, 0, 0, 0, 0, 0, 0, 0, 0, 0, 0, 0, 0, 0, 0, 0, 0, 0,
	0, 0, 0, 0, 0, 0, 0, 0, 0, 0, 0, 0, 0, 0, 0, 0, 0, 0,
	0, 0, 0, 0, 0, 0, 0, 0, 0, 0, 0, 0, 0, 0, 0, 0, 0, 0,
	0, 0, 0, 0, 0, 0, 0, 0, 0, 0, 0, 0, 0, 0, 0, 0, 0, 0,
	0, 0, 0, 0, 0, 0, 0, 0, 0, 0, 0, 0, 0, 0, 0, 0, 0, 0,
	0, 0, 0, 0, 0, 0, 0, 0, 0, 0, 0, 0, 0, 0, 0, 0, 0, 0,
	0, 0, 0, 0, 0, 0, 0, 0, 0, 0, 0, 0, 0, 0, 0, 0, 0, 0,
	0, 0, 0, 0, 0, 0, 0, 0, 0, 0, 0, 0, 0, 0, 0, 0, 0, 0,
	0, 0, 0, 0, 0, 0, 0, 0, 0, 0, 0, 0, 0, 0, 0, 0, 0, 0,
	0, 0, 0, 0, 0, 0, 0, 0, 0, 0, 0, 0, 0, 0, 0, 0, 0, 0,
	0, 0, 0, 0, 0, 0, 0, 0, 0, 0, 0, 0, 0, 0, 0, 0, 0, 0,
	0, 0, 0, 0, 0, 0, 0, 0, 0, 0, 0, 0, 0, 0, 0, 0, 0, 0,
	0, 0, 0, 0, 0, 0, 0, 0, 0, 0, 0, 0, 0, 0, 0, 0, 0, 0,
	0, 0, 0, 0, 0, 0, 0, 0, 0, 0, 0, 0, 0, 0, 0, 0, 0, 0,
	0, 0, 0, 0, 0, 0, 0, 0, 0, 0, 0, 0, 0, 0, 0, 0, 0, 0,
	0, 0, 0, 0, 0, 0, 0, 0, 0, 0, 0, 0, 0, 0, 0, 0, 0, 0,
	0, 0, 0, 0, 0, 0, 0, 0, 0, 0, 0, 0, 0, 0, 0, 0, 0, 0,
}
U0_M2_DELTA_Upper = {
	70, 70, 70, 70, 70, 70, 70, 70, 70, 70, 70, 70, 70, 70, 70, 70, 70, 70,
	70, 70, 70, 70, 70, 70, 70, 70, 70, 70, 70, 70, 70, 70, 70, 70, 70, 70,
	70, 70, 70, 70, 70, 70, 70, 70, 70, 70, 70, 70, 70, 70, 70, 70, 70, 70,
	70, 70, 70, 70, 70, 70, 70, 70, 70, 70, 70, 70, 70, 70, 70, 70, 70, 70,
	70, 70, 70, 70, 70, 70, 70, 70, 70, 70, 70, 70, 70, 70, 70, 70, 70, 70,
	70, 70, 70, 70, 70, 70, 70, 70, 70, 70, 70, 70, 70, 70, 70, 70, 70, 70,
	70, 70, 70, 70, 70, 70, 70, 70, 70, 70, 70, 70, 70, 70, 70, 70, 70, 70,
	70, 70, 70, 70, 70, 70, 70, 70, 70, 70, 70, 70, 70, 70, 70, 70, 70, 70,
	70, 70, 70, 70, 70, 70, 70, 70, 70, 70, 70, 70, 70, 70, 70, 70, 70, 70,
	70, 70, 70, 70, 70, 70, 70, 70, 70, 70, 70, 70, 70, 70, 70, 70, 70, 70,
	70, 70, 70, 70, 70, 70, 70, 70, 70, 70, 70, 70, 70, 70, 70, 70, 70, 70,
	70, 70, 70, 70, 70, 70, 70, 70, 70, 70, 70, 70, 70, 70, 70, 70, 70, 70,
	70, 70, 70, 70, 70, 70, 70, 70, 70, 70, 70, 70, 70, 70, 70, 70, 70, 70,
	70, 70, 70, 70, 70, 70, 70, 70, 70, 70, 70, 70, 70, 70, 70, 70, 70, 70,
	70, 70, 70, 70, 70, 70, 70, 70, 70, 70, 70, 70, 70, 70, 70, 70, 70, 70,
	70, 70, 70, 70, 70, 70, 70, 70, 70, 70, 70, 70, 70, 70, 70, 70, 70, 70,
	70, 70, 70, 70, 70, 70, 70, 70, 70, 70, 70, 70, 70, 70, 70, 70, 70, 70,
	70, 70, 70, 70, 70, 70, 70, 70, 70, 70, 70, 70, 70, 70, 70, 70, 70, 70,
	70, 70, 70, 70, 70, 70, 70, 70, 70, 70, 70, 70, 70, 70, 70, 70, 70, 70,
	70, 70, 70, 70, 70, 70, 70, 70, 70, 70, 70, 70, 70, 70, 70, 70, 70, 70,
	70, 70, 70, 70, 70, 70, 70, 70, 70, 70, 70, 70, 70, 70, 70, 70, 70, 70,
	70, 70, 70, 70, 70, 70, 70, 70, 70, 70, 70, 70, 70, 70, 70, 70, 70, 70,
	70, 70, 70, 70, 70, 70, 70, 70, 70, 70, 70, 70, 70, 70, 70, 70, 70, 70,
	70, 70, 70, 70, 70, 70, 70, 70, 70, 70, 70, 70, 70, 70, 70, 70, 70, 70,
	70, 70, 70, 70, 70, 70, 70, 70, 70, 70, 70, 70, 70, 70, 70, 70, 70, 70,
	70, 70, 70, 70, 70, 70, 70, 70, 70, 70, 70, 70, 70, 70, 70, 70, 70, 70,
	70, 70, 70, 70, 70, 70, 70, 70, 70, 70, 70, 70, 70, 70, 70, 70, 70, 70,
	70, 70, 70, 70, 70, 70, 70, 70, 70, 70, 70, 70, 70, 70, 70, 70, 70, 70,
	70, 70, 70, 70, 70, 70, 70, 70, 70, 70, 70, 70, 70, 70, 70, 70, 70, 70,
	70, 70, 70, 70, 70, 70, 70, 70, 70, 70, 70, 70, 70, 70, 70, 70, 70, 70,
	70, 70, 70, 70, 70, 70, 70, 70, 70, 70, 70, 70, 70, 70, 70, 70, 70, 70,
	70, 70, 70, 70, 70, 70, 70, 70, 70, 70, 70, 70, 70, 70, 70, 70, 70, 70,
}
U0_M1_Lower = {
	350, 350, 350, 350, 350, 350, 350, 350, 350, 350, 350, 350, 350, 350, 350, 350, 350, 350,
	350, 350, 350, 350, 350, 350, 350, 350, 350, 350, 350, 350, 350, 350, 350, 350, 350, 350,
	350, 350, 350, 350, 350, 350, 350, 350, 350, 350, 350, 350, 350, 350, 350, 350, 350, 350,
	350, 350, 350, 350, 350, 350, 350, 350, 350, 350, 350, 350, 350, 350, 350, 350, 350, 350,
	350, 350, 350, 350, 350, 350, 350, 350, 350, 350, 350, 350, 350, 350, 350, 350, 350, 350,
	350, 350, 350, 350, 350, 350, 350, 350, 350, 350, 350, 350, 350, 350, 350, 350, 350, 350,
	350, 350, 350, 350, 350, 350, 350, 350, 350, 350, 350, 350, 350, 350, 350, 350, 350, 350,
	350, 350, 350, 350, 350, 350, 350, 350, 350, 350, 350, 350, 350, 350, 350, 350, 350, 350,
	350, 350, 350, 350, 350, 350, 350, 350, 350, 350, 350, 350, 350, 350, 350, 350, 350, 350,
	350, 350, 350, 350, 350, 350, 350, 350, 350, 350, 350, 350, 350, 350, 350, 350, 350, 350,
	350, 350, 350, 350, 350, 350, 350, 350, 350, 350, 350, 350, 350, 350, 350, 350, 350, 350,
	350, 350, 350, 350, 350, 350, 350, 350, 350, 350, 350, 350, 350, 350, 350, 350, 350, 350,
	350, 350, 350, 350, 350, 350, 350, 350, 350, 350, 350, 350, 350, 350, 350, 350, 350, 350,
	350, 350, 350, 350, 350, 350, 350, 350, 350, 350, 350, 350, 350, 350, 350, 350, 350, 350,
	350, 350, 350, 350, 350, 350, 350, 350, 350, 350, 350, 350, 350, 350, 350, 350, 350, 350,
	350, 350, 350, 350, 350, 350, 350, 350, 350, 350, 350, 350, 350, 350, 350, 350, 350, 350,
	350, 350, 350, 350, 350, 350, 350, 350, 350, 350, 350, 350, 350, 350, 350, 350, 350, 350,
	350, 350, 350, 350, 350, 350, 350, 350, 350, 350, 350, 350, 350, 350, 350, 350, 350, 350,
	350, 350, 350, 350, 350, 350, 350, 350, 350, 350, 350, 350, 350, 350, 350, 350, 350, 350,
	350, 350, 350, 350, 350, 350, 350, 350, 350, 350, 350, 350, 350, 350, 350, 350, 350, 350,
	350, 350, 350, 350, 350, 350, 350, 350, 350, 350, 350, 350, 350, 350, 350, 350, 350, 350,
	350, 350, 350, 350, 350, 350, 350, 350, 350, 350, 350, 350, 350, 350, 350, 350, 350, 350,
	350, 350, 350, 350, 350, 350, 350, 350, 350, 350, 350, 350, 350, 350, 350, 350, 350, 350,
	350, 350, 350, 350, 350, 350, 350, 350, 350, 350, 350, 350, 350, 350, 350, 350, 350, 350,
	350, 350, 350, 350, 350, 350, 350, 350, 350, 350, 350, 350, 350, 350, 350, 350, 350, 350,
	350, 350, 350, 350, 350, 350, 350, 350, 350, 350, 350, 350, 350, 350, 350, 350, 350, 350,
	350, 350, 350, 350, 350, 350, 350, 350, 350, 350, 350, 350, 350, 350, 350, 350, 350, 350,
	350, 350, 350, 350, 350, 350, 350, 350, 350, 350, 350, 350, 350, 350, 350, 350, 350, 350,
	350, 350, 350, 350, 350, 350, 350, 350, 350, 350, 350, 350, 350, 350, 350, 350, 350, 350,
	350, 350, 350, 350, 350, 350, 350, 350, 350, 350, 350, 350, 350, 350, 350, 350, 350, 350,
	350, 350, 350, 350, 350, 350, 350, 350, 350, 350, 350, 350, 350, 350, 350, 350, 350, 350,
	350, 350, 350, 350, 350, 350, 350, 350, 350, 350, 350, 350, 350, 350, 350, 350, 350, 350,
}
U0_M1_Upper = {
	1650, 1650, 1650, 1650, 1650, 1650, 1650, 1650, 1650, 1650, 1650, 1650, 1650, 1650, 1650, 1650, 1650, 1650,
	1650, 1650, 1650, 1650, 1650, 1650, 1650, 1650, 1650, 1650, 1650, 1650, 1650, 1650, 1650, 1650, 1650, 1650,
	1650, 1650, 1650, 1650, 1650, 1650, 1650, 1650, 1650, 1650, 1650, 1650, 1650, 1650, 1650, 1650, 1650, 1650,
	1650, 1650, 1650, 1650, 1650, 1650, 1650, 1650, 1650, 1650, 1650, 1650, 1650, 1650, 1650, 1650, 1650, 1650,
	1650, 1650, 1650, 1650, 1650, 1650, 1650, 1650, 1650, 1650, 1650, 1650, 1650, 1650, 1650, 1650, 1650, 1650,
	1650, 1650, 1650, 1650, 1650, 1650, 1650, 1650, 1650, 1650, 1650, 1650, 1650, 1650, 1650, 1650, 1650, 1650,
	1650, 1650, 1650, 1650, 1650, 1650, 1650, 1650, 1650, 1650, 1650, 1650, 1650, 1650, 1650, 1650, 1650, 1650,
	1650, 1650, 1650, 1650, 1650, 1650, 1650, 1650, 1650, 1650, 1650, 1650, 1650, 1650, 1650, 1650, 1650, 1650,
	1650, 1650, 1650, 1650, 1650, 1650, 1650, 1650, 1650, 1650, 1650, 1650, 1650, 1650, 1650, 1650, 1650, 1650,
	1650, 1650, 1650, 1650, 1650, 1650, 1650, 1650, 1650, 1650, 1650, 1650, 1650, 1650, 1650, 1650, 1650, 1650,
	1650, 1650, 1650, 1650, 1650, 1650, 1650, 1650, 1650, 1650, 1650, 1650, 1650, 1650, 1650, 1650, 1650, 1650,
	1650, 1650, 1650, 1650, 1650, 1650, 1650, 1650, 1650, 1650, 1650, 1650, 1650, 1650, 1650, 1650, 1650, 1650,
	1650, 1650, 1650, 1650, 1650, 1650, 1650, 1650, 1650, 1650, 1650, 1650, 1650, 1650, 1650, 1650, 1650, 1650,
	1650, 1650, 1650, 1650, 1650, 1650, 1650, 1650, 1650, 1650, 1650, 1650, 1650, 1650, 1650, 1650, 1650, 1650,
	1650, 1650, 1650, 1650, 1650, 1650, 1650, 1650, 1650, 1650, 1650, 1650, 1650, 1650, 1650, 1650, 1650, 1650,
	1650, 1650, 1650, 1650, 1650, 1650, 1650, 1650, 1650, 1650, 1650, 1650, 1650, 1650, 1650, 1650, 1650, 1650,
	1650, 1650, 1650, 1650, 1650, 1650, 1650, 1650, 1650, 1650, 1650, 1650, 1650, 1650, 1650, 1650, 1650, 1650,
	1650, 1650, 1650, 1650, 1650, 1650, 1650, 1650, 1650, 1650, 1650, 1650, 1650, 1650, 1650, 1650, 1650, 1650,
	1650, 1650, 1650, 1650, 1650, 1650, 1650, 1650, 1650, 1650, 1650, 1650, 1650, 1650, 1650, 1650, 1650, 1650,
	1650, 1650, 1650, 1650, 1650, 1650, 1650, 1650, 1650, 1650, 1650, 1650, 1650, 1650, 1650, 1650, 1650, 1650,
	1650, 1650, 1650, 1650, 1650, 1650, 1650, 1650, 1650, 1650, 1650, 1650, 1650, 1650, 1650, 1650, 1650, 1650,
	1650, 1650, 1650, 1650, 1650, 1650, 1650, 1650, 1650, 1650, 1650, 1650, 1650, 1650, 1650, 1650, 1650, 1650,
	1650, 1650, 1650, 1650, 1650, 1650, 1650, 1650, 1650, 1650, 1650, 1650, 1650, 1650, 1650, 1650, 1650, 1650,
	1650, 1650, 1650, 1650, 1650, 1650, 1650, 1650, 1650, 1650, 1650, 1650, 1650, 1650, 1650, 1650, 1650, 1650,
	1650, 1650, 1650, 1650, 1650, 1650, 1650, 1650, 1650, 1650, 1650, 1650, 1650, 1650, 1650, 1650, 1650, 1650,
	1650, 1650, 1650, 1650, 1650, 1650, 1650, 1650, 1650, 1650, 1650, 1650, 1650, 1650, 1650, 1650, 1650, 1650,
	1650, 1650, 1650, 1650, 1650, 1650, 1650, 1650, 1650, 1650, 1650, 1650, 1650, 1650, 1650, 1650, 1650, 1650,
	1650, 1650, 1650, 1650, 1650, 1650, 1650, 1650, 1650, 1650, 1650, 1650, 1650, 1650, 1650, 1650, 1650, 1650,
	1650, 1650, 1650, 1650, 1650, 1650, 1650, 1650, 1650, 1650, 1650, 1650, 1650, 1650, 1650, 1650, 1650, 1650,
	1650, 1650, 1650, 1650, 1650, 1650, 1650, 1650, 1650, 1650, 1650, 1650, 1650, 1650, 1650, 1650, 1650, 1650,
	1650, 1650, 1650, 1650, 1650, 1650, 1650, 1650, 1650, 1650, 1650, 1650, 1650, 1650, 1650, 1650, 1650, 1650,
	1650, 1650, 1650, 1650, 1650, 1650, 1650, 1650, 1650, 1650, 1650, 1650, 1650, 1650, 1650, 1650, 1650, 1650,
}
U0_M1_JITTER_Lower = {
	0, 0, 0, 0, 0, 0, 0, 0, 0, 0, 0, 0, 0, 0, 0, 0, 0, 0,
	0, 0, 0, 0, 0, 0, 0, 0, 0, 0, 0, 0, 0, 0, 0, 0, 0, 0,
	0, 0, 0, 0, 0, 0, 0, 0, 0, 0, 0, 0, 0, 0, 0, 0, 0, 0,
	0, 0, 0, 0, 0, 0, 0, 0, 0, 0, 0, 0, 0, 0, 0, 0, 0, 0,
	0, 0, 0, 0, 0, 0, 0, 0, 0, 0, 0, 0, 0, 0, 0, 0, 0, 0,
	0, 0, 0, 0, 0, 0, 0, 0, 0, 0, 0, 0, 0, 0, 0, 0, 0, 0,
	0, 0, 0, 0, 0, 0, 0, 0, 0, 0, 0, 0, 0, 0, 0, 0, 0, 0,
	0, 0, 0, 0, 0, 0, 0, 0, 0, 0, 0, 0, 0, 0, 0, 0, 0, 0,
	0, 0, 0, 0, 0, 0, 0, 0, 0, 0, 0, 0, 0, 0, 0, 0, 0, 0,
	0, 0, 0, 0, 0, 0, 0, 0, 0, 0, 0, 0, 0, 0, 0, 0, 0, 0,
	0, 0, 0, 0, 0, 0, 0, 0, 0, 0, 0, 0, 0, 0, 0, 0, 0, 0,
	0, 0, 0, 0, 0, 0, 0, 0, 0, 0, 0, 0, 0, 0, 0, 0, 0, 0,
	0, 0, 0, 0, 0, 0, 0, 0, 0, 0, 0, 0, 0, 0, 0, 0, 0, 0,
	0, 0, 0, 0, 0, 0, 0, 0, 0, 0, 0, 0, 0, 0, 0, 0, 0, 0,
	0, 0, 0, 0, 0, 0, 0, 0, 0, 0, 0, 0, 0, 0, 0, 0, 0, 0,
	0, 0, 0, 0, 0, 0, 0, 0, 0, 0, 0, 0, 0, 0, 0, 0, 0, 0,
	0, 0, 0, 0, 0, 0, 0, 0, 0, 0, 0, 0, 0, 0, 0, 0, 0, 0,
	0, 0, 0, 0, 0, 0, 0, 0, 0, 0, 0, 0, 0, 0, 0, 0, 0, 0,
	0, 0, 0, 0, 0, 0, 0, 0, 0, 0, 0, 0, 0, 0, 0, 0, 0, 0,
	0, 0, 0, 0, 0, 0, 0, 0, 0, 0, 0, 0, 0, 0, 0, 0, 0, 0,
	0, 0, 0, 0, 0, 0, 0, 0, 0, 0, 0, 0, 0, 0, 0, 0, 0, 0,
	0, 0, 0, 0, 0, 0, 0, 0, 0, 0, 0, 0, 0, 0, 0, 0, 0, 0,
	0, 0, 0, 0, 0, 0, 0, 0, 0, 0, 0, 0, 0, 0, 0, 0, 0, 0,
	0, 0, 0, 0, 0, 0, 0, 0, 0, 0, 0, 0, 0, 0, 0, 0, 0, 0,
	0, 0, 0, 0, 0, 0, 0, 0, 0, 0, 0, 0, 0, 0, 0, 0, 0, 0,
	0, 0, 0, 0, 0, 0, 0, 0, 0, 0, 0, 0, 0, 0, 0, 0, 0, 0,
	0, 0, 0, 0, 0, 0, 0, 0, 0, 0, 0, 0, 0, 0, 0, 0, 0, 0,
	0, 0, 0, 0, 0, 0, 0, 0, 0, 0, 0, 0, 0, 0, 0, 0, 0, 0,
	0, 0, 0, 0, 0, 0, 0, 0, 0, 0, 0, 0, 0, 0, 0, 0, 0, 0,
	0, 0, 0, 0, 0, 0, 0, 0, 0, 0, 0, 0, 0, 0, 0, 0, 0, 0,
	0, 0, 0, 0, 0, 0, 0, 0, 0, 0, 0, 0, 0, 0, 0, 0, 0, 0,
	0, 0, 0, 0, 0, 0, 0, 0, 0, 0, 0, 0, 0, 0, 0, 0, 0, 0,
}
U0_M1_JITTER_Upper = {
	80, 80, 80, 80, 80, 80, 80, 80, 80, 80, 80, 80, 80, 80, 80, 80, 80, 80,
	80, 80, 80, 80, 80, 80, 80, 80, 80, 80, 80, 80, 80, 80, 80, 80, 80, 80,
	80, 80, 80, 80, 80, 80, 80, 80, 80, 80, 80, 80, 80, 80, 80, 80, 80, 80,
	80, 80, 80, 80, 80, 80, 80, 80, 80, 80, 80, 80, 80, 80, 80, 80, 80, 80,
	80, 80, 80, 80, 80, 80, 80, 80, 80, 80, 80, 80, 80, 80, 80, 80, 80, 80,
	80, 80, 80, 80, 80, 80, 80, 80, 80, 80, 80, 80, 80, 80, 80, 80, 80, 80,
	80, 80, 80, 80, 80, 80, 80, 80, 80, 80, 80, 80, 80, 80, 80, 80, 80, 80,
	80, 80, 80, 80, 80, 80, 80, 80, 80, 80, 80, 80, 80, 80, 80, 80, 80, 80,
	80, 80, 80, 80, 80, 80, 80, 80, 80, 80, 80, 80, 80, 80, 80, 80, 80, 80,
	80, 80, 80, 80, 80, 80, 80, 80, 80, 80, 80, 80, 80, 80, 80, 80, 80, 80,
	80, 80, 80, 80, 80, 80, 80, 80, 80, 80, 80, 80, 80, 80, 80, 80, 80, 80,
	80, 80, 80, 80, 80, 80, 80, 80, 80, 80, 80, 80, 80, 80, 80, 80, 80, 80,
	80, 80, 80, 80, 80, 80, 80, 80, 80, 80, 80, 80, 80, 80, 80, 80, 80, 80,
	80, 80, 80, 80, 80, 80, 80, 80, 80, 80, 80, 80, 80, 80, 80, 80, 80, 80,
	80, 80, 80, 80, 80, 80, 80, 80, 80, 80, 80, 80, 80, 80, 80, 80, 80, 80,
	80, 80, 80, 80, 80, 80, 80, 80, 80, 80, 80, 80, 80, 80, 80, 80, 80, 80,
	80, 80, 80, 80, 80, 80, 80, 80, 80, 80, 80, 80, 80, 80, 80, 80, 80, 80,
	80, 80, 80, 80, 80, 80, 80, 80, 80, 80, 80, 80, 80, 80, 80, 80, 80, 80,
	80, 80, 80, 80, 80, 80, 80, 80, 80, 80, 80, 80, 80, 80, 80, 80, 80, 80,
	80, 80, 80, 80, 80, 80, 80, 80, 80, 80, 80, 80, 80, 80, 80, 80, 80, 80,
	80, 80, 80, 80, 80, 80, 80, 80, 80, 80, 80, 80, 80, 80, 80, 80, 80, 80,
	80, 80, 80, 80, 80, 80, 80, 80, 80, 80, 80, 80, 80, 80, 80, 80, 80, 80,
	80, 80, 80, 80, 80, 80, 80, 80, 80, 80, 80, 80, 80, 80, 80, 80, 80, 80,
	80, 80, 80, 80, 80, 80, 80, 80, 80, 80, 80, 80, 80, 80, 80, 80, 80, 80,
	80, 80, 80, 80, 80, 80, 80, 80, 80, 80, 80, 80, 80, 80, 80, 80, 80, 80,
	80, 80, 80, 80, 80, 80, 80, 80, 80, 80, 80, 80, 80, 80, 80, 80, 80, 80,
	80, 80, 80, 80, 80, 80, 80, 80, 80, 80, 80, 80, 80, 80, 80, 80, 80, 80,
	80, 80, 80, 80, 80, 80, 80, 80, 80, 80, 80, 80, 80, 80, 80, 80, 80, 80,
	80, 80, 80, 80, 80, 80, 80, 80, 80, 80, 80, 80, 80, 80, 80, 80, 80, 80,
	80, 80, 80, 80, 80, 80, 80, 80, 80, 80, 80, 80, 80, 80, 80, 80, 80, 80,
	80, 80, 80, 80, 80, 80, 80, 80, 80, 80, 80, 80, 80, 80, 80, 80, 80, 80,
	80, 80, 80, 80, 80, 80, 80, 80, 80, 80, 80, 80, 80, 80, 80, 80, 80, 80,
}
OPEN_Lower = {
	3150, 3150, 3150, 3150, 3150, 3150, 3150, 3150, 3150, 3150, 3150, 3150, 3150, 3150, 3150, 3150, 3150, 3150,
	3150, 3150, 3150, 3150, 3150, 3150, 3150, 3150, 3150, 3150, 3150, 3150, 3150, 3150, 3150, 3150, 3150, 3150,
	3150, 3150, 3150, 3150, 3150, 3150, 3150, 3150, 3150, 3150, 3150, 3150, 3150, 3150, 3150, 3150, 3150, 3150,
	3150, 3150, 3150, 3150, 3150, 3150, 3150, 3150, 3150, 3150, 3150, 3150, 3150, 3150, 3150, 3150, 3150, 3150,
	3150, 3150, 3150, 3150, 3150, 3150, 3150, 3150, 3150, 3150, 3150, 3150, 3150, 3150, 3150, 3150, 3150, 3150,
	3150, 3150, 3150, 3150, 3150, 3150, 3150, 3150, 3150, 3150, 3150, 3150, 3150, 3150, 3150, 3150, 3150, 3150,
	3150, 3150, 3150, 3150, 3150, 3150, 3150, 3150, 3150, 3150, 3150, 3150, 3150, 3150, 3150, 3150, 3150, 3150,
	3150, 3150, 3150, 3150, 3150, 3150, 3150, 3150, 3150, 3150, 3150, 3150, 3150, 3150, 3150, 3150, 3150, 3150,
	3150, 3150, 3150, 3150, 3150, 3150, 3150, 3150, 3150, 3150, 3150, 3150, 3150, 3150, 3150, 3150, 3150, 3150,
	3150, 3150, 3150, 3150, 3150, 3150, 3150, 3150, 3150, 3150, 3150, 3150, 3150, 3150, 3150, 3150, 3150, 3150,
	3150, 3150, 3150, 3150, 3150, 3150, 3150, 3150, 3150, 3150, 3150, 3150, 3150, 3150, 3150, 3150, 3150, 3150,
	3150, 3150, 3150, 3150, 3150, 3150, 3150, 3150, 3150, 3150, 3150, 3150, 3150, 3150, 3150, 3150, 3150, 3150,
	3150, 3150, 3150, 3150, 3150, 3150, 3150, 3150, 3150, 3150, 3150, 3150, 3150, 3150, 3150, 3150, 3150, 3150,
	3150, 3150, 3150, 3150, 3150, 3150, 3150, 3150, 3150, 3150, 3150, 3150, 3150, 3150, 3150, 3150, 3150, 3150,
	3150, 3150, 3150, 3150, 3150, 3150, 3150, 3150, 3150, 3150, 3150, 3150, 3150, 3150, 3150, 3150, 3150, 3150,
	3150, 3150, 3150, 3150, 3150, 3150, 3150, 3150, 3150, 3150, 3150, 3150, 3150, 3150, 3150, 3150, 3150, 3150,
	3150, 3150, 3150, 3150, 3150, 3150, 3150, 3150, 3150, 3150, 3150, 3150, 3150, 3150, 3150, 3150, 3150, 3150,
	3150, 3150, 3150, 3150, 3150, 3150, 3150, 3150, 3150, 3150, 3150, 3150, 3150, 3150, 3150, 3150, 3150, 3150,
	3150, 3150, 3150, 3150, 3150, 3150, 3150, 3150, 3150, 3150, 3150, 3150, 3150, 3150, 3150, 3150, 3150, 3150,
	3150, 3150, 3150, 3150, 3150, 3150, 3150, 3150, 3150, 3150, 3150, 3150, 3150, 3150, 3150, 3150, 3150, 3150,
	3150, 3150, 3150, 3150, 3150, 3150, 3150, 3150, 3150, 3150, 3150, 3150, 3150, 3150, 3150, 3150, 3150, 3150,
	3150, 3150, 3150, 3150, 3150, 3150, 3150, 3150, 3150, 3150, 3150, 3150, 3150, 3150, 3150, 3150, 3150, 3150,
	3150, 3150, 3150, 3150, 3150, 3150, 3150, 3150, 3150, 3150, 3150, 3150, 3150, 3150, 3150, 3150, 3150, 3150,
	3150, 3150, 3150, 3150, 3150, 3150, 3150, 3150, 3150, 3150, 3150, 3150, 3150, 3150, 3150, 3150, 3150, 3150,
	3150, 3150, 3150, 3150, 3150, 3150, 3150, 3150, 3150, 3150, 3150, 3150, 3150, 3150, 3150, 3150, 3150, 3150,
	3150, 3150, 3150, 3150, 3150, 3150, 3150, 3150, 3150, 3150, 3150, 3150, 3150, 3150, 3150, 3150, 3150, 3150,
	3150, 3150, 3150, 3150, 3150, 3150, 3150, 3150, 3150, 3150, 3150, 3150, 3150, 3150, 3150, 3150, 3150, 3150,
	3150, 3150, 3150, 3150, 3150, 3150, 3150, 3150, 3150, 3150, 3150, 3150, 3150, 3150, 3150, 3150, 3150, 3150,
	3150, 3150, 3150, 3150, 3150, 3150, 3150, 3150, 3150, 3150, 3150, 3150, 3150, 3150, 3150, 3150, 3150, 3150,
	3150, 3150, 3150, 3150, 3150, 3150, 3150, 3150, 3150, 3150, 3150, 3150, 3150, 3150, 3150, 3150, 3150, 3150,
	3150, 3150, 3150, 3150, 3150, 3150, 3150, 3150, 3150, 3150, 3150, 3150, 3150, 3150, 3150, 3150, 3150, 3150,
	3150, 3150, 3150, 3150, 3150, 3150, 3150, 3150, 3150, 3150, 3150, 3150, 3150, 3150, 3150, 3150, 3150, 3150,
}
OPEN_Upper = {
	4700, 4700, 4700, 4700, 4700, 4700, 4700, 4700, 4700, 4700, 4700, 4700, 4700, 4700, 4700, 4700, 4700, 4700,
	4700, 4700, 4700, 4700, 4700, 4700, 4700, 4700, 4700, 4700, 4700, 4700, 4700, 4700, 4700, 4700, 4700, 4700,
	4700, 4700, 4700, 4700, 4700, 4700, 4700, 4700, 4700, 4700, 4700, 4700, 4700, 4700, 4700, 4700, 4700, 4700,
	4700, 4700, 4700, 4700, 4700, 4700, 4700, 4700, 4700, 4700, 4700, 4700, 4700, 4700, 4700, 4700, 4700, 4700,
	4700, 4700, 4700, 4700, 4700, 4700, 4700, 4700, 4700, 4700, 4700, 4700, 4700, 4700, 4700, 4700, 4700, 4700,
	4700, 4700, 4700, 4700, 4700, 4700, 4700, 4700, 4700, 4700, 4700, 4700, 4700, 4700, 4700, 4700, 4700, 4700,
	4700, 4700, 4700, 4700, 4700, 4700, 4700, 4700, 4700, 4700, 4700, 4700, 4700, 4700, 4700, 4700, 4700, 4700,
	4700, 4700, 4700, 4700, 4700, 4700, 4700, 4700, 4700, 4700, 4700, 4700, 4700, 4700, 4700, 4700, 4700, 4700,
	4700, 4700, 4700, 4700, 4700, 4700, 4700, 4700, 4700, 4700, 4700, 4700, 4700, 4700, 4700, 4700, 4700, 4700,
	4700, 4700, 4700, 4700, 4700, 4700, 4700, 4700, 4700, 4700, 4700, 4700, 4700, 4700, 4700, 4700, 4700, 4700,
	4700, 4700, 4700, 4700, 4700, 4700, 4700, 4700, 4700, 4700, 4700, 4700, 4700, 4700, 4700, 4700, 4700, 4700,
	4700, 4700, 4700, 4700, 4700, 4700, 4700, 4700, 4700, 4700, 4700, 4700, 4700, 4700, 4700, 4700, 4700, 4700,
	4700, 4700, 4700, 4700, 4700, 4700, 4700, 4700, 4700, 4700, 4700, 4700, 4700, 4700, 4700, 4700, 4700, 4700,
	4700, 4700, 4700, 4700, 4700, 4700, 4700, 4700, 4700, 4700, 4700, 4700, 4700, 4700, 4700, 4700, 4700, 4700,
	4700, 4700, 4700, 4700, 4700, 4700, 4700, 4700, 4700, 4700, 4700, 4700, 4700, 4700, 4700, 4700, 4700, 4700,
	4700, 4700, 4700, 4700, 4700, 4700, 4700, 4700, 4700, 4700, 4700, 4700, 4700, 4700, 4700, 4700, 4700, 4700,
	4700, 4700, 4700, 4700, 4700, 4700, 4700, 4700, 4700, 4700, 4700, 4700, 4700, 4700, 4700, 4700, 4700, 4700,
	4700, 4700, 4700, 4700, 4700, 4700, 4700, 4700, 4700, 4700, 4700, 4700, 4700, 4700, 4700, 4700, 4700, 4700,
	4700, 4700, 4700, 4700, 4700, 4700, 4700, 4700, 4700, 4700, 4700, 4700, 4700, 4700, 4700, 4700, 4700, 4700,
	4700, 4700, 4700, 4700, 4700, 4700, 4700, 4700, 4700, 4700, 4700, 4700, 4700, 4700, 4700, 4700, 4700, 4700,
	4700, 4700, 4700, 4700, 4700, 4700, 4700, 4700, 4700, 4700, 4700, 4700, 4700, 4700, 4700, 4700, 4700, 4700,
	4700, 4700, 4700, 4700, 4700, 4700, 4700, 4700, 4700, 4700, 4700, 4700, 4700, 4700, 4700, 4700, 4700, 4700,
	4700, 4700, 4700, 4700, 4700, 4700, 4700, 4700, 4700, 4700, 4700, 4700, 4700, 4700, 4700, 4700, 4700, 4700,
	4700, 4700, 4700, 4700, 4700, 4700, 4700, 4700, 4700, 4700, 4700, 4700, 4700, 4700, 4700, 4700, 4700, 4700,
	4700, 4700, 4700, 4700, 4700, 4700, 4700, 4700, 4700, 4700, 4700, 4700, 4700, 4700, 4700, 4700, 4700, 4700,
	4700, 4700, 4700, 4700, 4700, 4700, 4700, 4700, 4700, 4700, 4700, 4700, 4700, 4700, 4700, 4700, 4700, 4700,
	4700, 4700, 4700, 4700, 4700, 4700, 4700, 4700, 4700, 4700, 4700, 4700, 4700, 4700, 4700, 4700, 4700, 4700,
	4700, 4700, 4700, 4700, 4700, 4700, 4700, 4700, 4700, 4700, 4700, 4700, 4700, 4700, 4700, 4700, 4700, 4700,
	4700, 4700, 4700, 4700, 4700, 4700, 4700, 4700, 4700, 4700, 4700, 4700, 4700, 4700, 4700, 4700, 4700, 4700,
	4700, 4700, 4700, 4700, 4700, 4700, 4700, 4700, 4700, 4700, 4700, 4700, 4700, 4700, 4700, 4700, 4700, 4700,
	4700, 4700, 4700, 4700, 4700, 4700, 4700, 4700, 4700, 4700, 4700, 4700, 4700, 4700, 4700, 4700, 4700, 4700,
	4700, 4700, 4700, 4700, 4700, 4700, 4700, 4700, 4700, 4700, 4700, 4700, 4700, 4700, 4700, 4700, 4700, 4700,
}
SHORT_Lower = {
	1800, 1800, 1800, 1800, 1800, 1800, 1800, 1800, 1800, 1800, 1800, 1800, 1800, 1800, 1800, 1800, 1800, 1800,
	1800, 1800, 1800, 1800, 1800, 1800, 1800, 1800, 1800, 1800, 1800, 1800, 1800, 1800, 1800, 1800, 1800, 1800,
	1800, 1800, 1800, 1800, 1800, 1800, 1800, 1800, 1800, 1800, 1800, 1800, 1800, 1800, 1800, 1800, 1800, 1800,
	1800, 1800, 1800, 1800, 1800, 1800, 1800, 1800, 1800, 1800, 1800, 1800, 1800, 1800, 1800, 1800, 1800, 1800,
	1800, 1800, 1800, 1800, 1800, 1800, 1800, 1800, 1800, 1800, 1800, 1800, 1800, 1800, 1800, 1800, 1800, 1800,
	1800, 1800, 1800, 1800, 1800, 1800, 1800, 1800, 1800, 1800, 1800, 1800, 1800, 1800, 1800, 1800, 1800, 1800,
	1800, 1800, 1800, 1800, 1800, 1800, 1800, 1800, 1800, 1800, 1800, 1800, 1800, 1800, 1800, 1800, 1800, 1800,
	1800, 1800, 1800, 1800, 1800, 1800, 1800, 1800, 1800, 1800, 1800, 1800, 1800, 1800, 1800, 1800, 1800, 1800,
	1800, 1800, 1800, 1800, 1800, 1800, 1800, 1800, 1800, 1800, 1800, 1800, 1800, 1800, 1800, 1800, 1800, 1800,
	1800, 1800, 1800, 1800, 1800, 1800, 1800, 1800, 1800, 1800, 1800, 1800, 1800, 1800, 1800, 1800, 1800, 1800,
	1800, 1800, 1800, 1800, 1800, 1800, 1800, 1800, 1800, 1800, 1800, 1800, 1800, 1800, 1800, 1800, 1800, 1800,
	1800, 1800, 1800, 1800, 1800, 1800, 1800, 1800, 1800, 1800, 1800, 1800, 1800, 1800, 1800, 1800, 1800, 1800,
	1800, 1800, 1800, 1800, 1800, 1800, 1800, 1800, 1800, 1800, 1800, 1800, 1800, 1800, 1800, 1800, 1800, 1800,
	1800, 1800, 1800, 1800, 1800, 1800, 1800, 1800, 1800, 1800, 1800, 1800, 1800, 1800, 1800, 1800, 1800, 1800,
	1800, 1800, 1800, 1800, 1800, 1800, 1800, 1800, 1800, 1800, 1800, 1800, 1800, 1800, 1800, 1800, 1800, 1800,
	1800, 1800, 1800, 1800, 1800, 1800, 1800, 1800, 1800, 1800, 1800, 1800, 1800, 1800, 1800, 1800, 1800, 1800,
	1800, 1800, 1800, 1800, 1800, 1800, 1800, 1800, 1800, 1800, 1800, 1800, 1800, 1800, 1800, 1800, 1800, 1800,
	1800, 1800, 1800, 1800, 1800, 1800, 1800, 1800, 1800, 1800, 1800, 1800, 1800, 1800, 1800, 1800, 1800, 1800,
	1800, 1800, 1800, 1800, 1800, 1800, 1800, 1800, 1800, 1800, 1800, 1800, 1800, 1800, 1800, 1800, 1800, 1800,
	1800, 1800, 1800, 1800, 1800, 1800, 1800, 1800, 1800, 1800, 1800, 1800, 1800, 1800, 1800, 1800, 1800, 1800,
	1800, 1800, 1800, 1800, 1800, 1800, 1800, 1800, 1800, 1800, 1800, 1800, 1800, 1800, 1800, 1800, 1800, 1800,
	1800, 1800, 1800, 1800, 1800, 1800, 1800, 1800, 1800, 1800, 1800, 1800, 1800, 1800, 1800, 1800, 1800, 1800,
	1800, 1800, 1800, 1800, 1800, 1800, 1800, 1800, 1800, 1800, 1800, 1800, 1800, 1800, 1800, 1800, 1800, 1800,
	1800, 1800, 1800, 1800, 1800, 1800, 1800, 1800, 1800, 1800, 1800, 1800, 1800, 1800, 1800, 1800, 1800, 1800,
	1800, 1800, 1800, 1800, 1800, 1800, 1800, 1800, 1800, 1800, 1800, 1800, 1800, 1800, 1800, 1800, 1800, 1800,
	1800, 1800, 1800, 1800, 1800, 1800, 1800, 1800, 1800, 1800, 1800, 1800, 1800, 1800, 1800, 1800, 1800, 1800,
	1800, 1800, 1800, 1800, 1800, 1800, 1800, 1800, 1800, 1800, 1800, 1800, 1800, 1800, 1800, 1800, 1800, 1800,
	1800, 1800, 1800, 1800, 1800, 1800, 1800, 1800, 1800, 1800, 1800, 1800, 1800, 1800, 1800, 1800, 1800, 1800,
	1800, 1800, 1800, 1800, 1800, 1800, 1800, 1800, 1800, 1800, 1800, 1800, 1800, 1800, 1800, 1800, 1800, 1800,
	1800, 1800, 1800, 1800, 1800, 1800, 1800, 1800, 1800, 1800, 1800, 1800, 1800, 1800, 1800, 1800, 1800, 1800,
	1800, 1800, 1800, 1800, 1800, 1800, 1800, 1800, 1800, 1800, 1800, 1800, 1800, 1800, 1800, 1800, 1800, 1800,
	1800, 1800, 1800, 1800, 1800, 1800, 1800, 1800, 1800, 1800, 1800, 1800, 1800, 1800, 1800, 1800, 1800, 1800,
}
SHORT_Upper = {
	2070, 2070, 2070, 2070, 2070, 2070, 2070, 2070, 2070, 2070, 2070, 2070, 2070, 2070, 2070, 2070, 2070, 2070,
	2070, 2070, 2070, 2070, 2070, 2070, 2070, 2070, 2070, 2070, 2070, 2070, 2070, 2070, 2070, 2070, 2070, 2070,
	2070, 2070, 2070, 2070, 2070, 2070, 2070, 2070, 2070, 2070, 2070, 2070, 2070, 2070, 2070, 2070, 2070, 2070,
	2070, 2070, 2070, 2070, 2070, 2070, 2070, 2070, 2070, 2070, 2070, 2070, 2070, 2070, 2070, 2070, 2070, 2070,
	2070, 2070, 2070, 2070, 2070, 2070, 2070, 2070, 2070, 2070, 2070, 2070, 2070, 2070, 2070, 2070, 2070, 2070,
	2070, 2070, 2070, 2070, 2070, 2070, 2070, 2070, 2070, 2070, 2070, 2070, 2070, 2070, 2070, 2070, 2070, 2070,
	2070, 2070, 2070, 2070, 2070, 2070, 2070, 2070, 2070, 2070, 2070, 2070, 2070, 2070, 2070, 2070, 2070, 2070,
	2070, 2070, 2070, 2070, 2070, 2070, 2070, 2070, 2070, 2070, 2070, 2070, 2070, 2070, 2070, 2070, 2070, 2070,
	2070, 2070, 2070, 2070, 2070, 2070, 2070, 2070, 2070, 2070, 2070, 2070, 2070, 2070, 2070, 2070, 2070, 2070,
	2070, 2070, 2070, 2070, 2070, 2070, 2070, 2070, 2070, 2070, 2070, 2070, 2070, 2070, 2070, 2070, 2070, 2070,
	2070, 2070, 2070, 2070, 2070, 2070, 2070, 2070, 2070, 2070, 2070, 2070, 2070, 2070, 2070, 2070, 2070, 2070,
	2070, 2070, 2070, 2070, 2070, 2070, 2070, 2070, 2070, 2070, 2070, 2070, 2070, 2070, 2070, 2070, 2070, 2070,
	2070, 2070, 2070, 2070, 2070, 2070, 2070, 2070, 2070, 2070, 2070, 2070, 2070, 2070, 2070, 2070, 2070, 2070,
	2070, 2070, 2070, 2070, 2070, 2070, 2070, 2070, 2070, 2070, 2070, 2070, 2070, 2070, 2070, 2070, 2070, 2070,
	2070, 2070, 2070, 2070, 2070, 2070, 2070, 2070, 2070, 2070, 2070, 2070, 2070, 2070, 2070, 2070, 2070, 2070,
	2070, 2070, 2070, 2070, 2070, 2070, 2070, 2070, 2070, 2070, 2070, 2070, 2070, 2070, 2070, 2070, 2070, 2070,
	2070, 2070, 2070, 2070, 2070, 2070, 2070, 2070, 2070, 2070, 2070, 2070, 2070, 2070, 2070, 2070, 2070, 2070,
	2070, 2070, 2070, 2070, 2070, 2070, 2070, 2070, 2070, 2070, 2070, 2070, 2070, 2070, 2070, 2070, 2070, 2070,
	2070, 2070, 2070, 2070, 2070, 2070, 2070, 2070, 2070, 2070, 2070, 2070, 2070, 2070, 2070, 2070, 2070, 2070,
	2070, 2070, 2070, 2070, 2070, 2070, 2070, 2070, 2070, 2070, 2070, 2070, 2070, 2070, 2070, 2070, 2070, 2070,
	2070, 2070, 2070, 2070, 2070, 2070, 2070, 2070, 2070, 2070, 2070, 2070, 2070, 2070, 2070, 2070, 2070, 2070,
	2070, 2070, 2070, 2070, 2070, 2070, 2070, 2070, 2070, 2070, 2070, 2070, 2070, 2070, 2070, 2070, 2070, 2070,
	2070, 2070, 2070, 2070, 2070, 2070, 2070, 2070, 2070, 2070, 2070, 2070, 2070, 2070, 2070, 2070, 2070, 2070,
	2070, 2070, 2070, 2070, 2070, 2070, 2070, 2070, 2070, 2070, 2070, 2070, 2070, 2070, 2070, 2070, 2070, 2070,
	2070, 2070, 2070, 2070, 2070, 2070, 2070, 2070, 2070, 2070, 2070, 2070, 2070, 2070, 2070, 2070, 2070, 2070,
	2070, 2070, 2070, 2070, 2070, 2070, 2070, 2070, 2070, 2070, 2070, 2070, 2070, 2070, 2070, 2070, 2070, 2070,
	2070, 2070, 2070, 2070, 2070, 2070, 2070, 2070, 2070, 2070, 2070, 2070, 2070, 2070, 2070, 2070, 2070, 2070,
	2070, 2070, 2070, 2070, 2070, 2070, 2070, 2070, 2070, 2070, 2070, 2070, 2070, 2070, 2070, 2070, 2070, 2070,
	2070, 2070, 2070, 2070, 2070, 2070, 2070, 2070, 2070, 2070, 2070, 2070, 2070, 2070, 2070, 2070, 2070, 2070,
	2070, 2070, 2070, 2070, 2070, 2070, 2070, 2070, 2070, 2070, 2070, 2070, 2070, 2070, 2070, 2070, 2070, 2070,
	2070, 2070, 2070, 2070, 2070, 2070, 2070, 2070, 2070, 2070, 2070, 2070, 2070, 2070, 2070, 2070, 2070, 2070,
	2070, 2070, 2070, 2070, 2070, 2070, 2070, 2070, 2070, 2070, 2070, 2070, 2070, 2070, 2070, 2070, 2070, 2070,
}
U3_BLU_JITTER_Lower = {
	0, 0, 0, 0, 0, 0, 0, 0, 0, 0, 0, 0, 0, 0, 0, 0, 0, 0,
	0, 0, 0, 0, 0, 0, 0, 0, 0, 0, 0, 0, 0, 0, 0, 0, 0, 0,
	0, 0, 0, 0, 0, 0, 0, 0, 0, 0, 0, 0, 0, 0, 0, 0, 0, 0,
	0, 0, 0, 0, 0, 0, 0, 0, 0, 0, 0, 0, 0, 0, 0, 0, 0, 0,
	0, 0, 0, 0, 0, 0, 0, 0, 0, 0, 0, 0, 0, 0, 0, 0, 0, 0,
	0, 0, 0, 0, 0, 0, 0, 0, 0, 0, 0, 0, 0, 0, 0, 0, 0, 0,
	0, 0, 0, 0, 0, 0, 0, 0, 0, 0, 0, 0, 0, 0, 0, 0, 0, 0,
	0, 0, 0, 0, 0, 0, 0, 0, 0, 0, 0, 0, 0, 0, 0, 0, 0, 0,
	0, 0, 0, 0, 0, 0, 0, 0, 0, 0, 0, 0, 0, 0, 0, 0, 0, 0,
	0, 0, 0, 0, 0, 0, 0, 0, 0, 0, 0, 0, 0, 0, 0, 0, 0, 0,
	0, 0, 0, 0, 0, 0, 0, 0, 0, 0, 0, 0, 0, 0, 0, 0, 0, 0,
	0, 0, 0, 0, 0, 0, 0, 0, 0, 0, 0, 0, 0, 0, 0, 0, 0, 0,
	0, 0, 0, 0, 0, 0, 0, 0, 0, 0, 0, 0, 0, 0, 0, 0, 0, 0,
	0, 0, 0, 0, 0, 0, 0, 0, 0, 0, 0, 0, 0, 0, 0, 0, 0, 0,
	0, 0, 0, 0, 0, 0, 0, 0, 0, 0, 0, 0, 0, 0, 0, 0, 0, 0,
	0, 0, 0, 0, 0, 0, 0, 0, 0, 0, 0, 0, 0, 0, 0, 0, 0, 0,
	0, 0, 0, 0, 0, 0, 0, 0, 0, 0, 0, 0, 0, 0, 0, 0, 0, 0,
	0, 0, 0, 0, 0, 0, 0, 0, 0, 0, 0, 0, 0, 0, 0, 0, 0, 0,
	0, 0, 0, 0, 0, 0, 0, 0, 0, 0, 0, 0, 0, 0, 0, 0, 0, 0,
	0, 0, 0, 0, 0, 0, 0, 0, 0, 0, 0, 0, 0, 0, 0, 0, 0, 0,
	0, 0, 0, 0, 0, 0, 0, 0, 0, 0, 0, 0, 0, 0, 0, 0, 0, 0,
	0, 0, 0, 0, 0, 0, 0, 0, 0, 0, 0, 0, 0, 0, 0, 0, 0, 0,
	0, 0, 0, 0, 0, 0, 0, 0, 0, 0, 0, 0, 0, 0, 0, 0, 0, 0,
	0, 0, 0, 0, 0, 0, 0, 0, 0, 0, 0, 0, 0, 0, 0, 0, 0, 0,
	0, 0, 0, 0, 0, 0, 0, 0, 0, 0, 0, 0, 0, 0, 0, 0, 0, 0,
	0, 0, 0, 0, 0, 0, 0, 0, 0, 0, 0, 0, 0, 0, 0, 0, 0, 0,
	0, 0, 0, 0, 0, 0, 0, 0, 0, 0, 0, 0, 0, 0, 0, 0, 0, 0,
	0, 0, 0, 0, 0, 0, 0, 0, 0, 0, 0, 0, 0, 0, 0, 0, 0, 0,
	0, 0, 0, 0, 0, 0, 0, 0, 0, 0, 0, 0, 0, 0, 0, 0, 0, 0,
	0, 0, 0, 0, 0, 0, 0, 0, 0, 0, 0, 0, 0, 0, 0, 0, 0, 0,
	0, 0, 0, 0, 0, 0, 0, 0, 0, 0, 0, 0, 0, 0, 0, 0, 0, 0,
	0, 0, 0, 0, 0, 0, 0, 0, 0, 0, 0, 0, 0, 0, 0, 0, 0, 0,
}
U3_BLU_JITTER_Upper = {
	70, 70, 70, 70, 70, 70, 70, 70, 70, 70, 70, 70, 70, 70, 70, 70, 70, 70,
	70, 70, 70, 70, 70, 70, 70, 70, 70, 70, 70, 70, 70, 70, 70, 70, 70, 70,
	70, 70, 70, 70, 70, 70, 70, 70, 70, 70, 70, 70, 70, 70, 70, 70, 70, 70,
	70, 70, 70, 70, 70, 70, 70, 70, 70, 70, 70, 70, 70, 70, 70, 70, 70, 70,
	70, 70, 70, 70, 70, 70, 70, 70, 70, 70, 70, 70, 70, 70, 70, 70, 70, 70,
	70, 70, 70, 70, 70, 70, 70, 70, 70, 70, 70, 70, 70, 70, 70, 70, 70, 70,
	70, 70, 70, 70, 70, 70, 70, 70, 70, 70, 70, 70, 70, 70, 70, 70, 70, 70,
	70, 70, 70, 70, 70, 70, 70, 70, 70, 70, 70, 70, 70, 70, 70, 70, 70, 70,
	70, 70, 70, 70, 70, 70, 70, 70, 70, 70, 70, 70, 70, 70, 70, 70, 70, 70,
	70, 70, 70, 70, 70, 70, 70, 70, 70, 70, 70, 70, 70, 70, 70, 70, 70, 70,
	70, 70, 70, 70, 70, 70, 70, 70, 70, 70, 70, 70, 70, 70, 70, 70, 70, 70,
	70, 70, 70, 70, 70, 70, 70, 70, 70, 70, 70, 70, 70, 70, 70, 70, 70, 70,
	70, 70, 70, 70, 70, 70, 70, 70, 70, 70, 70, 70, 70, 70, 70, 70, 70, 70,
	70, 70, 70, 70, 70, 70, 70, 70, 70, 70, 70, 70, 70, 70, 70, 70, 70, 70,
	70, 70, 70, 70, 70, 70, 70, 70, 70, 70, 70, 70, 70, 70, 70, 70, 70, 70,
	70, 70, 70, 70, 70, 70, 70, 70, 70, 70, 70, 70, 70, 70, 70, 70, 70, 70,
	70, 70, 70, 70, 70, 70, 70, 70, 70, 70, 70, 70, 70, 70, 70, 70, 70, 70,
	70, 70, 70, 70, 70, 70, 70, 70, 70, 70, 70, 70, 70, 70, 70, 70, 70, 70,
	70, 70, 70, 70, 70, 70, 70, 70, 70, 70, 70, 70, 70, 70, 70, 70, 70, 70,
	70, 70, 70, 70, 70, 70, 70, 70, 70, 70, 70, 70, 70, 70, 70, 70, 70, 70,
	70, 70, 70, 70, 70, 70, 70, 70, 70, 70, 70, 70, 70, 70, 70, 70, 70, 70,
	70, 70, 70, 70, 70, 70, 70, 70, 70, 70, 70, 70, 70, 70, 70, 70, 70, 70,
	70, 70, 70, 70, 70, 70, 70, 70, 70, 70, 70, 70, 70, 70, 70, 70, 70, 70,
	70, 70, 70, 70, 70, 70, 70, 70, 70, 70, 70, 70, 70, 70, 70, 70, 70, 70,
	70, 70, 70, 70, 70, 70, 70, 70, 70, 70, 70, 70, 70, 70, 70, 70, 70, 70,
	70, 70, 70, 70, 70, 70, 70, 70, 70, 70, 70, 70, 70, 70, 70, 70, 70, 70,
	70, 70, 70, 70, 70, 70, 70, 70, 70, 70, 70, 70, 70, 70, 70, 70, 70, 70,
	70, 70, 70, 70, 70, 70, 70, 70, 70, 70, 70, 70, 70, 70, 70, 70, 70, 70,
	70, 70, 70, 70, 70, 70, 70, 70, 70, 70, 70, 70, 70, 70, 70, 70, 70, 70,
	70, 70, 70, 70, 70, 70, 70, 70, 70, 70, 70, 70, 70, 70, 70, 70, 70, 70,
	70, 70, 70, 70, 70, 70, 70, 70, 70, 70, 70, 70, 70, 70, 70, 70, 70, 70,
	70, 70, 70, 70, 70, 70, 70, 70, 70, 70, 70, 70, 70, 70, 70, 70, 70, 70,
}
U3_JITTER_Lower = {
	0, 0, 0, 0, 0, 0, 0, 0, 0, 0, 0, 0, 0, 0, 0, 0, 0, 0,
	0, 0, 0, 0, 0, 0, 0, 0, 0, 0, 0, 0, 0, 0, 0, 0, 0, 0,
	0, 0, 0, 0, 0, 0, 0, 0, 0, 0, 0, 0, 0, 0, 0, 0, 0, 0,
	0, 0, 0, 0, 0, 0, 0, 0, 0, 0, 0, 0, 0, 0, 0, 0, 0, 0,
	0, 0, 0, 0, 0, 0, 0, 0, 0, 0, 0, 0, 0, 0, 0, 0, 0, 0,
	0, 0, 0, 0, 0, 0, 0, 0, 0, 0, 0, 0, 0, 0, 0, 0, 0, 0,
	0, 0, 0, 0, 0, 0, 0, 0, 0, 0, 0, 0, 0, 0, 0, 0, 0, 0,
	0, 0, 0, 0, 0, 0, 0, 0, 0, 0, 0, 0, 0, 0, 0, 0, 0, 0,
	0, 0, 0, 0, 0, 0, 0, 0, 0, 0, 0, 0, 0, 0, 0, 0, 0, 0,
	0, 0, 0, 0, 0, 0, 0, 0, 0, 0, 0, 0, 0, 0, 0, 0, 0, 0,
	0, 0, 0, 0, 0, 0, 0, 0, 0, 0, 0, 0, 0, 0, 0, 0, 0, 0,
	0, 0, 0, 0, 0, 0, 0, 0, 0, 0, 0, 0, 0, 0, 0, 0, 0, 0,
	0, 0, 0, 0, 0, 0, 0, 0, 0, 0, 0, 0, 0, 0, 0, 0, 0, 0,
	0, 0, 0, 0, 0, 0, 0, 0, 0, 0, 0, 0, 0, 0, 0, 0, 0, 0,
	0, 0, 0, 0, 0, 0, 0, 0, 0, 0, 0, 0, 0, 0, 0, 0, 0, 0,
	0, 0, 0, 0, 0, 0, 0, 0, 0, 0, 0, 0, 0, 0, 0, 0, 0, 0,
	0, 0, 0, 0, 0, 0, 0, 0, 0, 0, 0, 0, 0, 0, 0, 0, 0, 0,
	0, 0, 0, 0, 0, 0, 0, 0, 0, 0, 0, 0, 0, 0, 0, 0, 0, 0,
	0, 0, 0, 0, 0, 0, 0, 0, 0, 0, 0, 0, 0, 0, 0, 0, 0, 0,
	0, 0, 0, 0, 0, 0, 0, 0, 0, 0, 0, 0, 0, 0, 0, 0, 0, 0,
	0, 0, 0, 0, 0, 0, 0, 0, 0, 0, 0, 0, 0, 0, 0, 0, 0, 0,
	0, 0, 0, 0, 0, 0, 0, 0, 0, 0, 0, 0, 0, 0, 0, 0, 0, 0,
	0, 0, 0, 0, 0, 0, 0, 0, 0, 0, 0, 0, 0, 0, 0, 0, 0, 0,
	0, 0, 0, 0, 0, 0, 0, 0, 0, 0, 0, 0, 0, 0, 0, 0, 0, 0,
	0, 0, 0, 0, 0, 0, 0, 0, 0, 0, 0, 0, 0, 0, 0, 0, 0, 0,
	0, 0, 0, 0, 0, 0, 0, 0, 0, 0, 0, 0, 0, 0, 0, 0, 0, 0,
	0, 0, 0, 0, 0, 0, 0, 0, 0, 0, 0, 0, 0, 0, 0, 0, 0, 0,
	0, 0, 0, 0, 0, 0, 0, 0, 0, 0, 0, 0, 0, 0, 0, 0, 0, 0,
	0, 0, 0, 0, 0, 0, 0, 0, 0, 0, 0, 0, 0, 0, 0, 0, 0, 0,
	0, 0, 0, 0, 0, 0, 0, 0, 0, 0, 0, 0, 0, 0, 0, 0, 0, 0,
	0, 0, 0, 0, 0, 0, 0, 0, 0, 0, 0, 0, 0, 0, 0, 0, 0, 0,
	0, 0, 0, 0, 0, 0, 0, 0, 0, 0, 0, 0, 0, 0, 0, 0, 0, 0,
}
U3_JITTER_Upper = {
	80, 80, 80, 80, 80, 80, 80, 80, 80, 80, 80, 80, 80, 80, 80, 80, 80, 80,
	80, 80, 80, 80, 80, 80, 80, 80, 80, 80, 80, 80, 80, 80, 80, 80, 80, 80,
	80, 80, 80, 80, 80, 80, 80, 80, 80, 80, 80, 80, 80, 80, 80, 80, 80, 80,
	80, 80, 80, 80, 80, 80, 80, 80, 80, 80, 80, 80, 80, 80, 80, 80, 80, 80,
	80, 80, 80, 80, 80, 80, 80, 80, 80, 80, 80, 80, 80, 80, 80, 80, 80, 80,
	80, 80, 80, 80, 80, 80, 80, 80, 80, 80, 80, 80, 80, 80, 80, 80, 80, 80,
	80, 80, 80, 80, 80, 80, 80, 80, 80, 80, 80, 80, 80, 80, 80, 80, 80, 80,
	80, 80, 80, 80, 80, 80, 80, 80, 80, 80, 80, 80, 80, 80, 80, 80, 80, 80,
	80, 80, 80, 80, 80, 80, 80, 80, 80, 80, 80, 80, 80, 80, 80, 80, 80, 80,
	80, 80, 80, 80, 80, 80, 80, 80, 80, 80, 80, 80, 80, 80, 80, 80, 80, 80,
	80, 80, 80, 80, 80, 80, 80, 80, 80, 80, 80, 80, 80, 80, 80, 80, 80, 80,
	80, 80, 80, 80, 80, 80, 80, 80, 80, 80, 80, 80, 80, 80, 80, 80, 80, 80,
	80, 80, 80, 80, 80, 80, 80, 80, 80, 80, 80, 80, 80, 80, 80, 80, 80, 80,
	80, 80, 80, 80, 80, 80, 80, 80, 80, 80, 80, 80, 80, 80, 80, 80, 80, 80,
	80, 80, 80, 80, 80, 80, 80, 80, 80, 80, 80, 80, 80, 80, 80, 80, 80, 80,
	80, 80, 80, 80, 80, 80, 80, 80, 80, 80, 80, 80, 80, 80, 80, 80, 80, 80,
	80, 80, 80, 80, 80, 80, 80, 80, 80, 80, 80, 80, 80, 80, 80, 80, 80, 80,
	80, 80, 80, 80, 80, 80, 80, 80, 80, 80, 80, 80, 80, 80, 80, 80, 80, 80,
	80, 80, 80, 80, 80, 80, 80, 80, 80, 80, 80, 80, 80, 80, 80, 80, 80, 80,
	80, 80, 80, 80, 80, 80, 80, 80, 80, 80, 80, 80, 80, 80, 80, 80, 80, 80,
	80, 80, 80, 80, 80, 80, 80, 80, 80, 80, 80, 80, 80, 80, 80, 80, 80, 80,
	80, 80, 80, 80, 80, 80, 80, 80, 80, 80, 80, 80, 80, 80, 80, 80, 80, 80,
	80, 80, 80, 80, 80, 80, 80, 80, 80, 80, 80, 80, 80, 80, 80, 80, 80, 80,
	80, 80, 80, 80, 80, 80, 80, 80, 80, 80, 80, 80, 80, 80, 80, 80, 80, 80,
	80, 80, 80, 80, 80, 80, 80, 80, 80, 80, 80, 80, 80, 80, 80, 80, 80, 80,
	80, 80, 80, 80, 80, 80, 80, 80, 80, 80, 80, 80, 80, 80, 80, 80, 80, 80,
	80, 80, 80, 80, 80, 80, 80, 80, 80, 80, 80, 80, 80, 80, 80, 80, 80, 80,
	80, 80, 80, 80, 80, 80, 80, 80, 80, 80, 80, 80, 80, 80, 80, 80, 80, 80,
	80, 80, 80, 80, 80, 80, 80, 80, 80, 80, 80, 80, 80, 80, 80, 80, 80, 80,
	80, 80, 80, 80, 80, 80, 80, 80, 80, 80, 80, 80, 80, 80, 80, 80, 80, 80,
	80, 80, 80, 80, 80, 80, 80, 80, 80, 80, 80, 80, 80, 80, 80, 80, 80, 80,
	80, 80, 80, 80, 80, 80, 80, 80, 80, 80, 80, 80, 80, 80, 80, 80, 80, 80,
}
AVERAGE_JITTER = {
	50, 50, 50, 50, 50, 50, 50, 50, 50, 50, 50, 50, 50, 50, 50, 50, 50, 50,
	50, 50, 50, 50, 50, 50, 50, 50, 50, 50, 50, 50, 50, 50, 50, 50, 50, 50,
	50, 50, 50, 50, 50, 50, 50, 50, 50, 50, 50, 50, 50, 50, 50, 50, 50, 50,
	50, 50, 50, 50, 50, 50, 50, 50, 50, 50, 50, 50, 50, 50, 50, 50, 50, 50,
	50, 50, 50, 50, 50, 50, 50, 50, 50, 50, 50, 50, 50, 50, 50, 50, 50, 50,
	50, 50, 50, 50, 50, 50, 50, 50, 50, 50, 50, 50, 50, 50, 50, 50, 50, 50,
	50, 50, 50, 50, 50, 50, 50, 50, 50, 50, 50, 50, 50, 50, 50, 50, 50, 50,
	50, 50, 50, 50, 50, 50, 50, 50, 50, 50, 50, 50, 50, 50, 50, 50, 50, 50,
	50, 50, 50, 50, 50, 50, 50, 50, 50, 50, 50, 50, 50, 50, 50, 50, 50, 50,
	50, 50, 50, 50, 50, 50, 50, 50, 50, 50, 50, 50, 50, 50, 50, 50, 50, 50,
	50, 50, 50, 50, 50, 50, 50, 50, 50, 50, 50, 50, 50, 50, 50, 50, 50, 50,
	50, 50, 50, 50, 50, 50, 50, 50, 50, 50, 50, 50, 50, 50, 50, 50, 50, 50,
	50, 50, 50, 50, 50, 50, 50, 50, 50, 50, 50, 50, 50, 50, 50, 50, 50, 50,
	50, 50, 50, 50, 50, 50, 50, 50, 50, 50, 50, 50, 50, 50, 50, 50, 50, 50,
	50, 50, 50, 50, 50, 50, 50, 50, 50, 50, 50, 50, 50, 50, 50, 50, 50, 50,
	50, 50, 50, 50, 50, 50, 50, 50, 50, 50, 50, 50, 50, 50, 50, 50, 50, 50,
	50, 50, 50, 50, 50, 50, 50, 50, 50, 50, 50, 50, 50, 50, 50, 50, 50, 50,
	50, 50, 50, 50, 50, 50, 50, 50, 50, 50, 50, 50, 50, 50, 50, 50, 50, 50,
	50, 50, 50, 50, 50, 50, 50, 50, 50, 50, 50, 50, 50, 50, 50, 50, 50, 50,
	50, 50, 50, 50, 50, 50, 50, 50, 50, 50, 50, 50, 50, 50, 50, 50, 50, 50,
	50, 50, 50, 50, 50, 50, 50, 50, 50, 50, 50, 50, 50, 50, 50, 50, 50, 50,
	50, 50, 50, 50, 50, 50, 50, 50, 50, 50, 50, 50, 50, 50, 50, 50, 50, 50,
	50, 50, 50, 50, 50, 50, 50, 50, 50, 50, 50, 50, 50, 50, 50, 50, 50, 50,
	50, 50, 50, 50, 50, 50, 50, 50, 50, 50, 50, 50, 50, 50, 50, 50, 50, 50,
	50, 50, 50, 50, 50, 50, 50, 50, 50, 50, 50, 50, 50, 50, 50, 50, 50, 50,
	50, 50, 50, 50, 50, 50, 50, 50, 50, 50, 50, 50, 50, 50, 50, 50, 50, 50,
	50, 50, 50, 50, 50, 50, 50, 50, 50, 50, 50, 50, 50, 50, 50, 50, 50, 50,
	50, 50, 50, 50, 50, 50, 50, 50, 50, 50, 50, 50, 50, 50, 50, 50, 50, 50,
	50, 50, 50, 50, 50, 50, 50, 50, 50, 50, 50, 50, 50, 50, 50, 50, 50, 50,
	50, 50, 50, 50, 50, 50, 50, 50, 50, 50, 50, 50, 50, 50, 50, 50, 50, 50,
	50, 50, 50, 50, 50, 50, 50, 50, 50, 50, 50, 50, 50, 50, 50, 50, 50, 50,
	50, 50, 50, 50, 50, 50, 50, 50, 50, 50, 50, 50, 50, 50, 50, 50, 50, 50,
}
